inputs/inputs_scenarios/2022_11_25_direct_intro_NGA_weighted/inputs/vector.asc
NCOLS 370 
NROWS 294 
XLLCORNER 0.791666666961084 
YLLCORNER 1.64166666720724 
CELLSIZE 0.0416666666671355 
NODATA_value -3.4e+38 
[rows 200 to 219 of 294, columns 264 to 307 of 370]
0.349336713552475 0.349522978067398 0.349751740694046 0.349973171949387 0.350170403718948 0.3503378033638 0.350469321012497 0.350553572177887 0.350570142269135 0.350485473871231 0.350251466035843 0.349840372800827 0.349454015493393 0.349634230136871 0.350247442722321 0.350828111171722 0.351291060447693 0.351667791604996 0.351985424757004 0.352260053157806 0.352502077817917 0.352719157934189 0.35291713476181 0.353100538253784 0.35327285528183 0.353436827659607 0.353594541549683 0.353747576475143 0.35389718413353 0.354044228792191 0.354189395904541 0.354333192110062 0.354476034641266 0.3546182513237 0.354760259389877 0.354902505874634 0.355045437812805 0.355189383029938 0.355334401130676 0.355480074882507 0.355625569820404 0.355769634246826 0.355910807847977 0.35604739189148
0.348447412252426 0.348762571811676 0.349073469638824 0.349316447973251 0.349500745534897 0.349636614322662 0.349725008010864 0.349756985902786 0.349709987640381 0.349533349275589 0.349102526903152 0.348075807094574 0.345979005098343 0.346862286329269 0.348920196294785 0.349967509508133 0.35058805346489 0.351024359464645 0.351365983486176 0.351651072502136 0.351898401975632 0.352118760347366 0.352319121360779 0.352504402399063 0.352678239345551 0.352843374013901 0.353001952171326 0.353155583143234 0.3533054292202 0.353452354669571 0.353597015142441 0.353739738464355 0.353880852460861 0.354020684957504 0.35415968298912 0.354298502206802 0.354437917470932 0.354578733444214 0.354721248149872 0.354865193367004 0.355009377002716 0.355152040719986 0.35529100894928 0.355424016714096
0.346887826919556 0.347876012325287 0.348391711711884 0.348676115274429 0.348850011825562 0.348956167697906 0.349005430936813 0.348993211984634 0.348900854587555 0.348676830530167 0.348158597946167 0.346670210361481 0.336510330438614 0.343168199062347 0.347903519868851 0.349243104457855 0.349940747022629 0.350405901670456 0.350759506225586 0.35104963183403 0.351299047470093 0.351520270109177 0.351720988750458 0.351906359195709 0.352080166339874 0.352245151996613 0.352403521537781 0.352556824684143 0.352706253528595 0.352852612733841 0.352996319532394 0.353137582540512 0.353276520967484 0.353413254022598 0.353548228740692 0.353682368993759 0.353817135095596 0.353954136371613 0.354094386100769 0.354237794876099 0.354382663965225 0.354526162147522 0.354665100574493 0.354796350002289
0.344606071710587 0.347118318080902 0.347793489694595 0.34808024764061 0.348227381706238 0.348297953605652 0.348305761814117 0.348248690366745 0.34811994433403 0.347902655601501 0.347521871328354 0.346741169691086 0.345480144023895 0.34614285826683 0.347762674093246 0.34875562787056 0.349381446838379 0.349826216697693 0.350172102451324 0.350458055734634 0.350704550743103 0.350923359394073 0.351121932268143 0.351305425167084 0.351477473974228 0.35164088010788 0.351797848939896 0.35194993019104 0.352098286151886 0.352243602275848 0.352386087179184 0.352525621652603 0.35266187787056 0.35279455780983 0.352923899888992 0.353051096200943 0.353178650140762 0.353309988975525 0.353447914123535 0.353592693805695 0.353741526603699 0.353889554738998 0.354031711816788 0.354163736104965
0.345792382955551 0.346911579370499 0.347346514463425 0.347541987895966 0.347635418176651 0.347661525011063 0.347620338201523 0.347500830888748 0.347303509712219 0.347076654434204 0.346897274255753 0.346757769584656 0.346725165843964 0.347094506025314 0.347760111093521 0.348386108875275 0.348884493112564 0.349279195070267 0.349602073431015 0.349875509738922 0.350113958120346 0.350326865911484 0.350520700216293 0.350700110197067 0.350868552923203 0.351028829813004 0.351183086633682 0.35133296251297 0.35147961974144 0.351623564958572 0.351764738559723 0.351902544498444 0.352035820484161 0.352163374423981 0.352284580469131 0.352400571107864 0.352515488862991 0.352636635303497 0.352771252393723 0.35292112827301 0.353080332279205 0.353239268064499 0.353389620780945 0.353525817394257
0.346939563751221 0.346897751092911 0.34697425365448 0.347036957740784 0.347066193819046 0.347046941518784 0.34695166349411 0.346735209226608 0.346346974372864 0.345886379480362 0.345865398645401 0.346262246370316 0.346667796373367 0.347089231014252 0.347553193569183 0.348005324602127 0.348405629396439 0.348748475313187 0.349042564630508 0.349298447370529 0.34952500462532 0.349728971719742 0.349915444850922 0.350088477134705 0.350251317024231 0.350406646728516 0.35055673122406 0.35070326924324 0.350847512483597 0.350989937782288 0.351130157709122 0.351266741752625 0.35139736533165 0.351518929004669 0.351628661155701 0.351725906133652 0.351816266775131 0.351915329694748 0.352043390274048 0.352206975221634 0.35239052772522 0.35257226228714 0.352738320827484 0.35288280248642
0.347005784511566 0.346663683652878 0.346552342176437 0.346522986888885 0.346506953239441 0.346458822488785 0.346323907375336 0.345999717712402 0.345209002494812 0.343138992786407 0.343438982963562 0.34540992975235 0.346259534358978 0.346778720617294 0.347201496362686 0.347579777240753 0.34791898727417 0.348219782114029 0.348485857248306 0.348722368478775 0.348934590816498 0.3491270840168 0.349303781986237 0.349468111991882 0.349623054265976 0.349771291017532 0.34991529583931 0.35005709528923 0.350198179483414 0.350339114665985 0.35047921538353 0.350616186857224 0.350745856761932 0.3508620262146 0.350956916809082 0.351023226976395 0.351062417030334 0.351104289293289 0.35121363401413 0.351417601108551 0.351660698652267 0.351887404918671 0.352079391479492 0.352236121892929
0.346520900726318 0.346180140972137 0.346028655767441 0.34597185254097 0.345947980880737 0.345905721187592 0.345778852701187 0.345442235469818 0.344511717557907 0.34026113152504 0.341245651245117 0.344840675592422 0.345844596624374 0.346384823322296 0.346782118082047 0.347118556499481 0.347417205572128 0.347685128450394 0.347925961017609 0.348142951726913 0.348339378833771 0.348518341779709 0.348682910203934 0.348835945129395 0.348980247974396 0.349118739366531 0.349254161119461 0.349389225244522 0.349526017904282 0.349665582180023 0.349807232618332 0.349947780370712 0.350080817937851 0.350195735692978 0.35027614235878 0.350297600030899 0.350230246782303 0.350091725587845 0.350121796131134 0.350483059883118 0.350883603096008 0.351191401481628 0.351418763399124 0.351588934659958
0.345760732889175 0.345520585775375 0.345407098531723 0.34537410736084 0.34538322687149 0.345393925905228 0.345342487096786 0.345127999782562 0.344628691673279 0.343883872032166 0.344011753797531 0.34489095211029 0.345537602901459 0.345984995365143 0.346334964036942 0.346633940935135 0.346900194883347 0.347140729427338 0.347358793020248 0.347556561231613 0.347736150026321 0.34789976477623 0.34804967045784 0.348188400268555 0.348318725824356 0.348443746566772 0.348566919565201 0.348692059516907 0.348822563886642 0.348960697650909 0.349106341600418 0.349255830049515 0.349400579929352 0.349525183439255 0.34960287809372 0.349582642316818 0.3493432700634 0.348543345928192 0.347873419523239 0.349307835102081 0.350095212459564 0.350508779287338 0.350767821073532 0.350945681333542
0.344875931739807 0.344752550125122 0.344706565141678 0.3447265625 0.344803482294083 0.344927161931992 0.345042884349823 0.344984740018845 0.344726920127869 0.344506978988647 0.344564259052277 0.344877243041992 0.34524393081665 0.345576494932175 0.345869183540344 0.346130877733231 0.346368223428726 0.346584528684616 0.346781492233276 0.34696027636528 0.347122043371201 0.347268223762512 0.347400605678558 0.347521394491196 0.347633242607117 0.347739577293396 0.347844839096069 0.347954601049423 0.348074913024902 0.348210573196411 0.348363220691681 0.348529547452927 0.348699599504471 0.348854035139084 0.348958849906921 0.348948389291763 0.348647743463516 0.347133755683899 0.341865330934525 0.348402291536331 0.349433869123459 0.349878549575806 0.35013872385025 0.350309669971466
0.343943119049072 0.343918710947037 0.343940258026123 0.344019204378128 0.34417986869812 0.344491869211197 0.345110595226288 0.345256865024567 0.344682276248932 0.344455718994141 0.344473868608475 0.344643890857697 0.344882816076279 0.345135748386383 0.345379859209061 0.345608472824097 0.345820188522339 0.346014678478241 0.346191823482513 0.346351593732834 0.346494287252426 0.346620708703995 0.346732050180435 0.346830159425735 0.346917539834976 0.346997618675232 0.34707573056221 0.347160309553146 0.347262322902679 0.347392022609711 0.347554564476013 0.347748428583145 0.34796354174614 0.348177969455719 0.348354339599609 0.34843385219574 0.348321199417114 0.34790700674057 0.347715377807617 0.3484046459198 0.348970621824265 0.349313080310822 0.349533289670944 0.349679976701736
0.34299311041832 0.343039453029633 0.343111008405685 0.343230783939362 0.34344619512558 0.343900084495544 0.345614612102509 0.346624225378036 0.344382643699646 0.344105511903763 0.344120562076569 0.344253093004227 0.344441443681717 0.344650626182556 0.34486135840416 0.345064133405685 0.345254331827164 0.345429420471191 0.34558779001236 0.34572833776474 0.34585040807724 0.34595400094986 0.346039772033691 0.346109211444855 0.346164166927338 0.346207082271576 0.346242785453796 0.346283167600632 0.346349686384201 0.346464663743973 0.346638739109039 0.346873253583908 0.347162008285522 0.347479999065399 0.347783803939819 0.348015189170837 0.348109602928162 0.348079770803452 0.348105043172836 0.348305732011795 0.34856116771698 0.348777025938034 0.348938822746277 0.349050551652908
0.342031985521317 0.342120796442032 0.342215299606323 0.342337876558304 0.34253916144371 0.34291222691536 0.343534737825394 0.343819797039032 0.343593746423721 0.343538165092468 0.343613803386688 0.343755751848221 0.343931257724762 0.344120681285858 0.344311445951462 0.344495832920074 0.344668835401535 0.344827026128769 0.344967722892761 0.345088630914688 0.345188021659851 0.345264822244644 0.345319002866745 0.345351755619049 0.345364183187485 0.34535539150238 0.345323622226715 0.34527987241745 0.345269799232483 0.345352709293365 0.345538109540939 0.345824062824249 0.346232026815414 0.34672686457634 0.347244650125504 0.347725719213486 0.348006427288055 0.348000526428223 0.347948789596558 0.347990959882736 0.348101586103439 0.348227560520172 0.34833687543869 0.348413199186325
0.341053366661072 0.341162443161011 0.34125030040741 0.341318547725677 0.341421484947205 0.341694474220276 0.342133224010468 0.342499017715454 0.342704385519028 0.342856705188751 0.343014776706696 0.343186378479004 0.343366980552673 0.343550205230713 0.343730300664902 0.343902349472046 0.344062179327011 0.344205945730209 0.344330042600632 0.344430863857269 0.344505071640015 0.344549655914307 0.34456342458725 0.344547778367996 0.344505190849304 0.344429552555084 0.344294548034668 0.344073474407196 0.343858003616333 0.343892276287079 0.344105124473572 0.344396442174911 0.345026314258575 0.345861107110977 0.346727579832077 0.34780415892601 0.348633617162704 0.348010510206223 0.347632199525833 0.347539067268372 0.347567439079285 0.347639143466949 0.347712367773056 0.34776097536087
0.340041697025299 0.340162813663483 0.340226531028748 0.340151131153107 0.339887768030167 0.340042054653168 0.340843141078949 0.341469585895538 0.341867059469223 0.342143774032593 0.342367917299271 0.342569828033447 0.342760741710663 0.342943727970123 0.343118369579315 0.343282461166382 0.343432545661926 0.343564391136169 0.343673229217529 0.343753784894943 0.343800067901611 0.343805372714996 0.34376448392868 0.343679189682007 0.343561977148056 0.343414276838303 0.343158781528473 0.342560708522797 0.341460347175598 0.341608136892319 0.342150211334229 0.341638743877411 0.343140423297882 0.344848543405533 0.346098899841309 0.34810808300972 0.359654128551483 0.347892791032791 0.347125023603439 0.346955269575119 0.346948504447937 0.346997678279877 0.347054928541183 0.347089141607285
0.338961184024811 0.339112877845764 0.339191883802414 0.338951349258423 0.337153524160385 0.335767716169357 0.339549511671066 0.340567857027054 0.341089963912964 0.341435194015503 0.341699242591858 0.341921538114548 0.342119961977005 0.34230300784111 0.342474192380905 0.342633306980133 0.342777013778687 0.342899799346924 0.342995256185532 0.343056172132492 0.343072891235352 0.343031138181686 0.342912971973419 0.342709898948669 0.342460453510284 0.342251569032669 0.341997653245926 0.34105509519577 0.334074169397354 0.337659746408463 0.340483367443085 0.328601747751236 0.341020494699478 0.343953669071198 0.345242232084274 0.346419841051102 0.347245365381241 0.34670090675354 0.34633269906044 0.34622448682785 0.346234858036041 0.346293210983276 0.346356838941574 0.346393793821335
0.337709099054337 0.337954729795456 0.338199198246002 0.338147103786469 0.337196588516235 0.336951702833176 0.338939040899277 0.339857965707779 0.340381443500519 0.340741902589798 0.341018974781036 0.341247498989105 0.341445595026016 0.341624587774277 0.341791689395905 0.341948539018631 0.342090249061584 0.342207908630371 0.342292606830597 0.342335790395737 0.342324763536453 0.342233657836914 0.34201243519783 0.341584980487823 0.340955168008804 0.340617537498474 0.340818375349045 0.340598702430725 0.339280247688293 0.339777678251266 0.340895622968674 0.340886563062668 0.342106908559799 0.343516021966934 0.344426810741425 0.345064342021942 0.345409244298935 0.345428735017776 0.34535938501358 0.34535276889801 0.34541717171669 0.345515996217728 0.345610737800598 0.345670372247696
0.335894256830215 0.336471557617188 0.33720400929451 0.337596654891968 0.33774545788765 0.338065147399902 0.338701337575912 0.339281857013702 0.339720547199249 0.340056777000427 0.340324848890305 0.34054508805275 0.340730875730515 0.340896099805832 0.341055333614349 0.341214388608932 0.341362833976746 0.341482073068619 0.341558307409286 0.341585338115692 0.341553956270218 0.341429799795151 0.341116160154343 0.340347826480865 0.338270425796509 0.336361765861511 0.339343726634979 0.340424925088882 0.340711981058121 0.341060191392899 0.341535478830338 0.34197062253952 0.342559337615967 0.343216091394424 0.343746960163116 0.344102561473846 0.344270259141922 0.344283163547516 0.344261050224304 0.344321548938751 0.344473421573639 0.344652742147446 0.344808101654053 0.344912678003311
0.329809784889221 0.334264010190964 0.336232215166092 0.337001502513885 0.337453991174698 0.337856113910675 0.338288456201553 0.338703572750092 0.339061141014099 0.339358985424042 0.339605540037155 0.339804887771606 0.339959889650345 0.340087831020355 0.340227007865906 0.34040093421936 0.340579748153687 0.340713828802109 0.340779334306717 0.340782850980759 0.340739399194717 0.340627014636993 0.340329378843307 0.339498162269592 0.336386919021606 0.329407393932343 0.338550746440887 0.340244770050049 0.340906530618668 0.341338008642197 0.341724097728729 0.34209480881691 0.342473715543747 0.342836201190948 0.343119442462921 0.343269020318985 0.343244671821594 0.343056172132492 0.342879116535187 0.343000829219818 0.343351125717163 0.343687742948532 0.343939125537872 0.344110459089279
0.331227600574493 0.333826035261154 0.335593193769455 0.336412370204926 0.336933821439743 0.33735066652298 0.337726265192032 0.338065415620804 0.338361948728561 0.338619858026505 0.338842749595642 0.3390152156353 0.339108824729919 0.339130312204361 0.339198470115662 0.339436262845993 0.339722096920013 0.339900553226471 0.339935272932053 0.339869618415833 0.339800596237183 0.339768439531326 0.339649826288223 0.339240998029709 0.338398694992065 0.338084578514099 0.33923414349556 0.340226739645004 0.340851902961731 0.341289520263672 0.341635882854462 0.341926604509354 0.342172503471375 0.342367649078369 0.342487961053848 0.342476725578308 0.342218846082687 0.341523021459579 0.340516537427902 0.340935319662094 0.341992557048798 0.342623054981232 0.342991918325424 0.343241930007935
