inputs/inputs_scenarios/2022_11_25_direct_intro_NGA_weighted/inputs/vector.asc
NCOLS 370 
NROWS 294 
XLLCORNER 0.791666666961084 
YLLCORNER 1.64166666720724 
CELLSIZE 0.0416666666671355 
NODATA_value -3.4e+38 
[rows 120 to 139 of 294, columns 264 to 307 of 370]
0.500218987464905 0.497727125883102 0.495114088058472 0.491721421480179 0.488098710775375 0.48460653424263 0.481393069028854 0.477754533290863 0.47354257106781 0.467784404754639 0.461712598800659 0.456445336341858 0.451953142881393 0.448044717311859 0.44457596540451 0.441445499658585 0.438580065965652 0.435925155878067 0.433439910411835 0.431094437837601 0.428867787122726 0.426745176315308 0.424714654684067 0.422763615846634 0.420876353979111 0.419034510850906 0.417221158742905 0.415426731109619 0.413652330636978 0.411907494068146 0.410206705331802 0.408569037914276 0.407019078731537 0.40557536482811 0.404227823019028 0.402939796447754 0.401679009199142 0.400447338819504 0.399300009012222 0.398296743631363 0.397402822971344 0.396540075540543 0.39567220211029 0.394797652959824
0.493145197629929 0.49016746878624 0.487250715494156 0.484226018190384 0.481175482273102 0.478283435106277 0.47577503323555 0.474282383918762 0.477169275283813 0.469793915748596 0.460726171731949 0.454886704683304 0.450262606143951 0.446337848901749 0.442886203527451 0.439779818058014 0.436937212944031 0.43430295586586 0.431838423013687 0.429516792297363 0.427319288253784 0.425231128931046 0.423238009214401 0.421324282884598 0.419472992420197 0.417668014764786 0.415896862745285 0.414153635501862 0.412440776824951 0.410768568515778 0.409151971340179 0.407606512308121 0.406143814325333 0.404767006635666 0.403468072414398 0.402231574058533 0.40104529261589 0.399910300970078 0.398841291666031 0.397849172353745 0.396921455860138 0.396031200885773 0.395158171653748 0.394294619560242
0.48727285861969 0.484205394983292 0.481272876262665 0.478426367044449 0.475712507963181 0.473288625478745 0.471503436565399 0.47134405374527 0.476519078016281 0.46922767162323 0.459247261285782 0.453075706958771 0.448399305343628 0.444508939981461 0.441110461950302 0.438054263591766 0.435252964496613 0.432651221752167 0.430213332176208 0.427917391061783 0.42575004696846 0.4237000644207 0.421752363443375 0.419886887073517 0.418082356452942 0.416320532560349 0.414589017629623 0.412883013486862 0.411207228899002 0.409576535224915 0.408012509346008 0.406533271074295 0.405143916606903 0.403837412595749 0.402602314949036 0.401428490877151 0.400309294462204 0.399242699146271 0.398229628801346 0.397268891334534 0.396352529525757 0.395468145608902 0.394604742527008 0.39375576376915
0.482194572687149 0.479150205850601 0.476275533437729 0.473562300205231 0.471064835786819 0.468944370746613 0.467591613531113 0.468075722455978 0.476239025592804 0.468452900648117 0.456978380680084 0.450845450162888 0.446301162242889 0.442535847425461 0.439240097999573 0.43626344203949 0.433520436286926 0.430958449840546 0.428546160459518 0.426269739866257 0.424128264188766 0.422121286392212 0.420233398675919 0.41843393445015 0.416690349578857 0.414978206157684 0.413282543420792 0.411597311496735 0.409928023815155 0.408298850059509 0.40675300359726 0.405326753854752 0.404016733169556 0.402793139219284 0.401633590459824 0.400529831647873 0.39947909116745 0.398477971553802 0.397521674633026 0.396604210138321 0.395718544721603 0.394857227802277 0.394014000892639 0.393184572458267
0.477655917406082 0.474671691656113 0.47187003493309 0.469255715608597 0.466881275177002 0.464891165494919 0.463654607534409 0.46435073018074 0.469846725463867 0.462322533130646 0.453584432601929 0.448142677545547 0.443961769342422 0.440423101186752 0.437281429767609 0.434412330389023 0.431741416454315 0.429220348596573 0.426820456981659 0.42453807592392 0.422400683164597 0.4204421043396 0.418646305799484 0.416948646306992 0.415290266275406 0.413638353347778 0.411975622177124 0.410290896892548 0.40858119726181 0.406876444816589 0.405280500650406 0.40391081571579 0.402728945016861 0.401623666286469 0.400554567575455 0.399528712034225 0.398554533720016 0.397628217935562 0.396739035844803 0.395876705646515 0.395033955574036 0.394206136465073 0.39339029788971 0.39258462190628
0.473499327898026 0.470587372779846 0.467855900526047 0.465309232473373 0.462984055280685 0.460975527763367 0.459511071443558 0.459281921386719 0.461795687675476 0.454808592796326 0.449425280094147 0.445115804672241 0.441451013088226 0.438208103179932 0.435257464647293 0.4325170814991 0.42992827296257 0.427443444728851 0.42502436041832 0.422662496566772 0.420443713665009 0.418540388345718 0.416932702064514 0.415418535470963 0.413886278867722 0.412310212850571 0.410681217908859 0.408978521823883 0.407160043716431 0.405189424753189 0.403287619352341 0.40206441283226 0.401227056980133 0.400316923856735 0.399345993995667 0.398401588201523 0.397521108388901 0.396692901849747 0.395891189575195 0.395098894834518 0.39430958032608 0.393522500991821 0.392738729715347 0.391959607601166
0.469625651836395 0.466789454221725 0.464122205972672 0.461622059345245 0.45930403470993 0.457204699516296 0.455381274223328 0.453839182853699 0.452042371034622 0.449016749858856 0.445471853017807 0.442054986953735 0.438885748386383 0.435948759317398 0.43320244550705 0.430602818727493 0.428104728460312 0.425654143095016 0.423173367977142 0.420551806688309 0.4178526699543 0.416021078824997 0.415006399154663 0.413857340812683 0.412501394748688 0.411015301942825 0.409427136182785 0.407709866762161 0.405744075775146 0.403121769428253 0.398935317993164 0.399108409881592 0.399547725915909 0.398885011672974 0.397954821586609 0.39707937836647 0.39633771777153 0.395662546157837 0.394985109567642 0.394282221794128 0.393555790185928 0.392814040184021 0.392064690589905 0.391313284635544
0.465971320867538 0.463211983442307 0.460605800151825 0.458144307136536 0.45582503080368 0.453646540641785 0.451590597629547 0.449571818113327 0.447376996278763 0.44481885433197 0.442003637552261 0.439145505428314 0.436364948749542 0.433700770139694 0.431151688098907 0.428697347640991 0.426302462816238 0.423905938863754 0.421374678611755 0.418295502662659 0.412623852491379 0.411034792661667 0.412961155176163 0.412365227937698 0.411182731389999 0.409780859947205 0.408244431018829 0.406556159257889 0.404575228691101 0.401692569255829 0.39271080493927 0.396883934736252 0.398145407438278 0.397346913814545 0.39618569612503 0.395343899726868 0.394913047552109 0.394529461860657 0.394036620855331 0.393443286418915 0.392784953117371 0.392089188098907 0.391373693943024 0.390649288892746
0.4624944627285 0.45981302857399 0.457268446683884 0.4548479616642 0.452539563179016 0.450326859951019 0.448178261518478 0.446033239364624 0.443806260824203 0.441440135240555 0.438959032297134 0.436437338590622 0.433939933776855 0.431501775979996 0.429132431745529 0.426823228597641 0.424548387527466 0.422254204750061 0.419815301895142 0.416839420795441 0.411560833454132 0.410003215074539 0.411684930324554 0.411114603281021 0.409976452589035 0.408623814582825 0.407144635915756 0.40553867816925 0.403739362955093 0.40160545706749 0.399298399686813 0.398141235113144 0.39726111292839 0.395604193210602 0.393205225467682 0.392352402210236 0.393117696046829 0.393336296081543 0.393088191747665 0.392608016729355 0.392011940479279 0.391356438398361 0.39067068696022 0.389970600605011
0.459166496992111 0.456564337015152 0.454084277153015 0.451711863279343 0.449431955814362 0.447225451469421 0.445065289735794 0.442914545536041 0.44073349237442 0.438498347997665 0.436215311288834 0.433913022279739 0.431623548269272 0.429369240999222 0.427159547805786 0.424991488456726 0.422849655151367 0.420701831579208 0.418488502502441 0.416120857000351 0.413682490587234 0.412028282880783 0.411117166280746 0.410094201564789 0.408876806497574 0.407536685466766 0.40611070394516 0.40460392832756 0.403004705905914 0.401320606470108 0.399663686752319 0.398166358470917 0.39654353260994 0.393905967473984 0.38522869348526 0.384261697530746 0.391305297613144 0.392279088497162 0.392216265201569 0.391807913780212 0.391250908374786 0.390622586011887 0.389959096908569 0.389279007911682
0.455966979265213 0.45344540476799 0.451033473014832 0.448716819286346 0.446480423212051 0.444307148456573 0.44217637181282 0.440065026283264 0.43795171380043 0.435823857784271 0.433682262897491 0.431538730859756 0.429408967494965 0.427305996417999 0.425236850976944 0.4232017993927 0.42119425535202 0.419201850891113 0.417211383581161 0.415232241153717 0.413356781005859 0.411749541759491 0.410398751497269 0.409125834703445 0.407830268144608 0.406492203474045 0.405112504959106 0.403692126274109 0.402232974767685 0.400747925043106 0.399262577295303 0.397759169340134 0.396059274673462 0.393640965223312 0.389159172773361 0.388245344161987 0.390961855649948 0.391603738069534 0.391481131315231 0.391061931848526 0.390508592128754 0.389889925718307 0.389239311218262 0.388574242591858
0.452880501747131 0.450440406799316 0.448099613189697 0.445844858884811 0.443662643432617 0.441538572311401 0.439457267522812 0.437403321266174 0.435363531112671 0.433329999446869 0.431301593780518 0.429283142089844 0.427282363176346 0.425306677818298 0.423361122608185 0.421447515487671 0.419564962387085 0.417711794376373 0.415890842676163 0.414119690656662 0.412438631057739 0.410889267921448 0.409465372562408 0.408114612102509 0.406788289546967 0.405461370944977 0.404124110937119 0.402773410081863 0.401410132646561 0.400038480758667 0.398659348487854 0.397249639034271 0.39573922753334 0.394035339355469 0.392294555902481 0.391388177871704 0.391317427158356 0.39119878411293 0.390854895114899 0.390359550714493 0.389779329299927 0.389154434204102 0.388508081436157 0.387853443622589
0.449894964694977 0.447536438703537 0.445268720388412 0.443079978227615 0.440958499908447 0.438892483711243 0.436870157718658 0.434880554676056 0.432914674282074 0.430966764688492 0.429035067558289 0.427121222019196 0.425229042768478 0.423362761735916 0.421525985002518 0.419721066951752 0.417949616909027 0.416213870048523 0.414519399404526 0.412877708673477 0.411305546760559 0.409815341234207 0.408402919769287 0.40704819560051 0.405727833509445 0.404424786567688 0.403129369020462 0.401837080717087 0.400546729564667 0.399258613586426 0.397970855236053 0.396674960851669 0.395359456539154 0.394041687250137 0.392835676670074 0.391925424337387 0.391308039426804 0.390791863203049 0.390253365039825 0.389668017625809 0.389046967029572 0.388406127691269 0.387758105993271 0.387111008167267
0.447000354528427 0.444722712039948 0.442528784275055 0.440408259630203 0.438351064920425 0.436347484588623 0.434388250112534 0.432465106248856 0.43057131767273 0.42870244383812 0.426856517791748 0.425033688545227 0.423235774040222 0.421465277671814 0.419724643230438 0.418016165494919 0.416342109441757 0.414705336093903 0.41311040520668 0.411563783884048 0.41007262468338 0.408640742301941 0.407265245914459 0.405936539173126 0.404642522335052 0.40337273478508 0.402119815349579 0.40087953209877 0.399650067090988 0.398430943489075 0.397221893072128 0.396023392677307 0.394841402769089 0.393699586391449 0.392647951841354 0.391737252473831 0.390964955091476 0.390275239944458 0.389613538980484 0.388953864574432 0.388291597366333 0.387631177902222 0.386978626251221 0.386338204145432
0.444188177585602 0.441989928483963 0.439869523048401 0.437817931175232 0.435826450586319 0.433887004852295 0.431992024183273 0.430135011672974 0.428310722112656 0.426515460014343 0.424747258424759 0.423005670309067 0.421291410923004 0.419605910778046 0.41795089840889 0.416328221559525 0.41473987698555 0.413188308477402 0.411676496267319 0.41020792722702 0.40878564119339 0.407410621643066 0.406080633401871 0.404790312051773 0.403532862663269 0.402301698923111 0.401091694831848 0.399899512529373 0.398723423480988 0.3975630402565 0.396419376134872 0.395295470952988 0.394198954105377 0.393145084381104 0.392155259847641 0.391246348619461 0.390416383743286 0.38964518904686 0.388909250497818 0.388193637132645 0.387494087219238 0.386813044548035 0.386155068874359 0.38552263379097
0.441451013088226 0.439330101013184 0.437282115221024 0.435299038887024 0.433373332023621 0.431497991085052 0.429666846990585 0.427874475717545 0.426116645336151 0.424390226602554 0.422693401575089 0.421025454998016 0.41938653588295 0.417777448892593 0.41619935631752 0.414653599262238 0.413141638040543 0.411665201187134 0.410226047039032 0.408825904130936 0.407465934753418 0.406145960092545 0.404864221811295 0.403617352247238 0.402401030063629 0.401211082935333 0.400043845176697 0.398896843194962 0.397768616676331 0.396658957004547 0.395568907260895 0.394501358270645 0.393461763858795 0.392458349466324 0.391500353813171 0.390593647956848 0.389736503362656 0.388920098543167 0.388134151697159 0.387372553348541 0.386636108160019 0.385931491851807 0.385266959667206 0.384646087884903
0.438782125711441 0.436736166477203 0.434758931398392 0.432843238115311 0.430982321500778 0.42917013168335 0.427401393651962 0.425671517848969 0.423976927995682 0.422315031290054 0.420684188604355 0.419083625078201 0.417513281106949 0.415973544120789 0.414465218782425 0.412989139556885 0.411546260118484 0.410137593746185 0.408764004707336 0.40742614865303 0.406124204397202 0.404857516288757 0.403624504804611 0.402422785758972 0.401249468326569 0.400101542472839 0.398976415395737 0.397872149944305 0.396787494421005 0.395722180604935 0.394676774740219 0.393653124570847 0.392654180526733 0.391683757305145 0.390745341777802 0.389840126037598 0.38896581530571 0.388117074966431 0.387288689613342 0.386479526758194 0.385696887969971 0.384957581758499 0.384281903505325 0.383679628372192
0.436175376176834 0.434201776981354 0.432293355464935 0.430443376302719 0.428645759820938 0.426895081996918 0.425186723470688 0.423516720533371 0.421882092952728 0.420280635356903 0.418710947036743 0.417172372341156 0.415664792060852 0.414188504219055 0.412743955850601 0.411331713199615 0.409952223300934 0.408605843782425 0.407292813062668 0.406013011932373 0.40476605296135 0.403550952672958 0.402366280555725 0.40121003985405 0.40008008480072 0.398974120616913 0.397890150547028 0.396826535463333 0.395782083272934 0.39475628733635 0.39374914765358 0.392761260271072 0.391793668270111 0.390847355127335 0.389922499656677 0.38901761174202 0.388128727674484 0.387250036001205 0.386375695466995 0.385504484176636 0.384648203849792 0.383841961622238 0.383139222860336 0.382571220397949
0.433625131845474 0.431721299886703 0.429879546165466 0.428093403577805 0.426357209682465 0.42466601729393 0.423015624284744 0.421402662992477 0.419824540615082 0.418279439210892 0.416766345500946 0.415284812450409 0.413834899663925 0.412416875362396 0.411031126976013 0.409677922725677 0.408357322216034 0.407069176435471 0.405813068151474 0.404588401317596 0.403394222259521 0.402229338884354 0.401092231273651 0.399981200695038 0.398894399404526 0.397829920053482 0.396786034107208 0.39576131105423 0.394754499197006 0.393764734268188 0.392791450023651 0.391834229230881 0.390892595052719 0.389965653419495 0.389051347970963 0.388145834207535 0.387242764234543 0.386332541704178 0.385402739048004 0.384441167116165 0.383449971675873 0.382486075162888 0.381700217723846 0.381212562322617
0.431126028299332 0.429289668798447 0.427512437105179 0.425788134336472 0.424111306667328 0.422477275133133 0.420882254838943 0.419323176145554 0.417797893285751 0.416305035352707 0.414843946695328 0.413414627313614 0.412017524242401 0.410653114318848 0.409321844577789 0.408023774623871 0.406758666038513 0.405525773763657 0.404324173927307 0.403152585029602 0.402009695768356 0.400893956422806 0.399803817272186 0.398737519979477 0.397693425416946 0.396669834852219 0.395665109157562 0.394677847623825 0.393706738948822 0.392750561237335 0.391808241605759 0.390878558158875 0.389959871768951 0.389049857854843 0.388144880533218 0.3872389793396 0.386322766542435 0.385380953550339 0.384388327598572 0.383302718400955 0.382063567638397 0.380667418241501 0.379540592432022 0.379339396953583
