inputs/inputs_scenarios/2022_11_25_direct_intro_NGA_weighted/inputs/vector.asc
NCOLS 370 
NROWS 294 
XLLCORNER 0.791666666961084 
YLLCORNER 1.64166666720724 
CELLSIZE 0.0416666666671355 
NODATA_value -3.4e+38 
[rows 200 to 219 of 294, columns 44 to 87 of 370]
0.286932706832886 0.287016153335571 0.287094950675964 0.287169873714447 0.287241607904434 0.28731095790863 0.287378579378128 0.28744512796402 0.287511199712753 0.287577360868454 0.287644147872925 0.287711948156357 0.287781268358231 0.287852466106415 0.287925899028778 0.288001894950867 0.288080722093582 0.288162708282471 0.288248091936111 0.288337141275406 0.288430094718933 0.288527190685272 0.288628697395325 0.288734883069992 0.288846045732498 0.288962543010712 0.289084732532501 0.28921303153038 0.289347976446152 0.289490073919296 0.289639949798584 0.289798349142075 0.289966076612473 0.290143966674805 0.290333032608032 0.290534287691116 0.290748924016953 0.290978193283081 0.291223376989365 0.291485905647278 0.291767299175262 0.292069137096405 0.292393118143082 0.292741000652313
0.287273466587067 0.287359148263931 0.287440776824951 0.287519007921219 0.287594527006149 0.287667959928513 0.287739902734756 0.287810921669006 0.287881582975388 0.287952393293381 0.288023799657822 0.288096278905869 0.288170218467712 0.288246005773544 0.28832396864891 0.288404434919357 0.288487732410431 0.288574129343033 0.288663893938065 0.288757294416428 0.288854598999023 0.288956105709076 0.289062023162842 0.28917270898819 0.289288461208344 0.289409637451172 0.289536625146866 0.289669841527939 0.289809823036194 0.289957046508789 0.290112197399139 0.290275931358337 0.290448993444443 0.290632247924805 0.290826588869095 0.291032999753952 0.291252553462982 0.291486382484436 0.291735768318176 0.292001992464066 0.292286425828934 0.292590528726578 0.292915850877762 0.293264031410217
0.287617325782776 0.28770449757576 0.287788271903992 0.287869185209274 0.287947773933411 0.288024604320526 0.288100183010101 0.288175076246262 0.28824970126152 0.288324594497681 0.288400143384933 0.288476794958115 0.288554906845093 0.288634836673737 0.288716912269592 0.288801491260529 0.288888871669769 0.288979321718216 0.28907310962677 0.289170533418655 0.289271891117096 0.289377421140671 0.289487421512604 0.289602220058441 0.289722144603729 0.289847552776337 0.289978861808777 0.290116459131241 0.290260881185532 0.29041263461113 0.290572315454483 0.290740579366684 0.290918171405792 0.291105836629868 0.291304469108582 0.291514962911606 0.291738331317902 0.291975647211075 0.292228013277054 0.292496681213379 0.292782872915268 0.293087959289551 0.29341334104538 0.293760508298874
0.287963420152664 0.288051545619965 0.288136869668961 0.288219839334488 0.288300901651382 0.288380533456802 0.288459211587906 0.288537383079529 0.288615494966507 0.288693934679031 0.288773149251938 0.288853466510773 0.288935303688049 0.289018988609314 0.28910481929779 0.289193123579025 0.289284199476242 0.289378374814987 0.289475858211517 0.289576977491379 0.289682000875473 0.289791226387024 0.289904952049255 0.290023505687714 0.290147185325623 0.290276408195496 0.290411502122879 0.290552973747253 0.290701270103455 0.290856897830963 0.291020452976227 0.291192531585693 0.2913738489151 0.291565120220184 0.29176715016365 0.291980803012848 0.29220700263977 0.292446732521057 0.292701035737991 0.292971014976501 0.293257832527161 0.293562740087509 0.29388701915741 0.29423201084137
0.28831097483635 0.288399636745453 0.288486033678055 0.288570553064346 0.288653582334518 0.288735508918762 0.288816750049591 0.288897722959518 0.288978785276413 0.289060324430466 0.289142727851868 0.289226353168488 0.289311498403549 0.289398521184921 0.289487719535828 0.289579391479492 0.289673864841461 0.289771348237991 0.289872199296951 0.289976686239243 0.290085047483444 0.290197640657425 0.290314704179764 0.290436595678329 0.290563642978668 0.290696233510971 0.290834724903107 0.290979534387589 0.291131168603897 0.291290104389191 0.291456878185272 0.291632115840912 0.291816413402557 0.292010515928268 0.292215138673782 0.292431086301804 0.292659193277359 0.292900413274765 0.293155699968338 0.293426007032394 0.293712466955185 0.294016182422638 0.294338315725327 0.294680118560791
0.288659304380417 0.288748145103455 0.288835227489471 0.288920879364014 0.289005428552628 0.289089202880859 0.289172559976578 0.289255887269974 0.289339482784271 0.289423704147339 0.289508908987045 0.289595395326614 0.28968346118927 0.289773464202881 0.289865672588348 0.289960384368896 0.290057867765427 0.29015839099884 0.290262281894684 0.290369749069214 0.290481150150299 0.290596723556519 0.290716797113419 0.290841668844223 0.290971696376801 0.291107207536697 0.291248619556427 0.29139631986618 0.291550785303116 0.291712462902069 0.291881889104843 0.292059600353241 0.292246252298355 0.292442470788956 0.292648941278458 0.292866408824921 0.293095648288727 0.293337523937225 0.293592900037766 0.293862700462341 0.294147908687592 0.294449508190155 0.29476860165596 0.295106291770935
0.289007842540741 0.289096534252167 0.289183974266052 0.289270371198654 0.289356052875519 0.28944131731987 0.289526402950287 0.289611667394638 0.289697408676147 0.289783954620361 0.289871543645859 0.289960563182831 0.290051221847534 0.290143847465515 0.290238708257675 0.290336102247238 0.290436297655106 0.290539532899857 0.290646106004715 0.290756285190582 0.290870368480682 0.290988594293594 0.291111320257187 0.291238814592361 0.291371405124664 0.291509479284286 0.291653364896774 0.291803508996964 0.291960299015045 0.292124211788177 0.292295724153519 0.292475402355194 0.292663782835007 0.292861461639404 0.293069094419479 0.293287396430969 0.293517023324966 0.293758809566498 0.294013530015945 0.294282019138336 0.294565171003342 0.294863879680634 0.295179158449173 0.295511960983276
0.289355963468552 0.289444297552109 0.289531826972961 0.289618700742722 0.289705216884613 0.289791584014893 0.289878070354462 0.289964944124222 0.290052503347397 0.290140956640244 0.29023066163063 0.290321826934814 0.290414720773697 0.290509670972824 0.290606886148453 0.290706634521484 0.290809214115143 0.290914863348007 0.291023820638657 0.291136384010315 0.291252821683884 0.291373372077942 0.291498392820358 0.291628152132034 0.291762977838516 0.29190319776535 0.292049199342728 0.292201310396194 0.292360007762909 0.29252564907074 0.29269877076149 0.292879819869995 0.293069362640381 0.29326793551445 0.29347613453865 0.293694615364075 0.293924003839493 0.294165045022964 0.294418424367905 0.294684916734695 0.294965326786041 0.295260459184647 0.295571208000183 0.2958984375
0.289703220129013 0.289791017770767 0.289878368377686 0.289965510368347 0.290052562952042 0.290139764547348 0.290227353572845 0.290315538644791 0.290404558181763 0.290494680404663 0.290586113929749 0.290679126977921 0.290773987770081 0.290870934724808 0.290970206260681 0.29107204079628 0.291176706552505 0.291284412145615 0.291395485401154 0.291510105133057 0.29162859916687 0.291751205921173 0.291878193616867 0.292009890079498 0.292146563529968 0.292288571596146 0.292436271905899 0.292589992284775 0.292750120162964 0.29291707277298 0.293091326951981 0.293273270130157 0.293463468551636 0.293662399053574 0.293870627880096 0.29408872127533 0.294317275285721 0.294556945562363 0.294808357954025 0.295072257518768 0.295349329710007 0.2956403195858 0.295945942401886 0.296267062425613
0.290049165487289 0.290136247873306 0.290223300457001 0.290310442447662 0.290397822856903 0.290485620498657 0.290574043989182 0.290663242340088 0.290753483772278 0.290844947099686 0.29093787074089 0.291032493114471 0.291128993034363 0.291227668523788 0.29132866859436 0.291432321071625 0.291538774967194 0.291648328304291 0.291761189699173 0.291877597570419 0.291997849941254 0.292122155427933 0.29225081205368 0.292384117841721 0.292522341012955 0.292665779590607 0.292814821004868 0.292969733476639 0.293130934238434 0.293298780918121 0.293473720550537 0.293656140565872 0.293846517801285 0.294045329093933 0.294253051280975 0.294470250606537 0.294697463512421 0.294935256242752 0.295184224843979 0.295444965362549 0.295718193054199 0.296004474163055 0.296304523944855 0.296619057655334
0.290393382310867 0.290479689836502 0.290566265583038 0.290653258562088 0.290740787982941 0.290828973054886 0.290917962789536 0.291007965803146 0.291099160909653 0.291191726922989 0.291285902261734 0.291381806135178 0.291479736566544 0.291579842567444 0.291682362556458 0.291787534952164 0.291895538568497 0.292006611824036 0.292121022939682 0.29223895072937 0.292360663414001 0.292486399412155 0.292616456747055 0.292751044034958 0.29289048910141 0.293035060167313 0.29318505525589 0.29334083199501 0.293502748012543 0.293671101331711 0.293846309185028 0.294028788805008 0.294218927621841 0.294417172670364 0.294623970985413 0.294839829206467 0.295065224170685 0.295300662517548 0.29554671049118 0.295803904533386 0.296072781085968 0.296353965997696 0.296648025512695 0.296955555677414
0.2907355427742 0.290820956230164 0.290906965732574 0.290993690490723 0.291081160306931 0.291169553995132 0.291258960962296 0.291349560022354 0.29144150018692 0.291534960269928 0.29163008928299 0.291727095842361 0.291826158761978 0.291927486658096 0.29203125834465 0.292137712240219 0.292246997356415 0.292359381914139 0.292475044727325 0.292594224214554 0.292717158794403 0.29284405708313 0.292975187301636 0.293110817670822 0.293251156806946 0.293396532535553 0.293547242879868 0.293703556060791 0.29386579990387 0.294034332036972 0.294209480285645 0.294391602277756 0.294581115245819 0.294778406620026 0.294983893632889 0.295197993516922 0.295421183109283 0.295653909444809 0.295896619558334 0.296149849891663 0.29641404747963 0.296689748764038 0.296977460384369 0.297277688980103
0.291075348854065 0.291159808635712 0.29124516248703 0.291331470012665 0.291418790817261 0.291507244110107 0.29159688949585 0.291687875986099 0.291780382394791 0.291874498128891 0.291970402002335 0.292068272829056 0.292168289422989 0.292270600795746 0.292375415563583 0.292482912540436 0.292593270540237 0.292706698179245 0.292823404073715 0.292943596839905 0.29306748509407 0.293195277452469 0.293327242136002 0.293463617563248 0.293604612350464 0.293750524520874 0.293901592493057 0.294058114290237 0.294220417737961 0.294388771057129 0.29456353187561 0.294744998216629 0.294933557510376 0.295129537582397 0.295333355665207 0.295545369386673 0.295765995979309 0.295995622873306 0.296234667301178 0.296483606100082 0.296742826700211 0.297012746334076 0.297293871641159 0.297586560249329
0.291412502527237 0.291496008634567 0.291580647230148 0.291666448116302 0.291753500699997 0.291841834783554 0.291931599378586 0.292022824287415 0.292115688323975 0.292210310697556 0.292306810617447 0.292405366897583 0.292506128549576 0.292609214782715 0.292714864015579 0.292823165655136 0.292934387922287 0.293048650026321 0.293166160583496 0.293287128210068 0.293411731719971 0.293540209531784 0.293672770261765 0.293809622526169 0.293951004743576 0.294097155332565 0.294248342514038 0.294404834508896 0.29456689953804 0.294734805822372 0.294908851385117 0.295089364051819 0.295276641845703 0.295471012592316 0.295672833919525 0.2958824634552 0.296100199222565 0.296326458454132 0.296561568975449 0.296805918216705 0.297059893608093 0.297323852777481 0.297598123550415 0.297883152961731
0.29174679517746 0.291829288005829 0.29191318154335 0.291998416185379 0.292085111141205 0.292173236608505 0.292262971401215 0.292354315519333 0.29244738817215 0.292542368173599 0.292639285326004 0.292738348245621 0.292839646339417 0.292943328619003 0.293049603700638 0.293158560991287 0.293270409107208 0.293385297060013 0.293503403663635 0.293624937534332 0.293750047683716 0.293878972530365 0.294011890888214 0.294148981571198 0.294290512800217 0.294436693191528 0.294587761163712 0.294743925333023 0.294905483722687 0.295072674751282 0.29524576663971 0.295425027608871 0.295610785484314 0.295803278684616 0.296002864837646 0.296209782361984 0.29642441868782 0.296647042036057 0.296877980232239 0.297117531299591 0.297366082668304 0.297623842954636 0.297891199588776 0.298168390989304
0.292077988386154 0.292159497737885 0.292242586612701 0.292327225208282 0.292413473129272 0.292501330375671 0.292590886354446 0.292682230472565 0.292775422334671 0.292870551347733 0.292967766523361 0.293067157268524 0.293168842792511 0.293272972106934 0.293379664421082 0.293489098548889 0.293601393699646 0.293716728687286 0.293835252523422 0.293957144021988 0.294082581996918 0.294211715459824 0.294344782829285 0.294481933116913 0.294623374938965 0.29476934671402 0.294920057058334 0.295075684785843 0.295236498117447 0.295402735471725 0.295574635267258 0.295752435922623 0.2959363758564 0.296126782894135 0.296323865652084 0.29652789235115 0.296739190816879 0.296957969665527 0.297184526920319 0.297419160604477 0.297662079334259 0.297913581132889 0.298173904418945 0.298443257808685
0.292405962944031 0.292486488819122 0.292568743228912 0.292652726173401 0.29273846745491 0.292825967073441 0.292915314435959 0.293006509542465 0.293099701404572 0.293194890022278 0.293292254209518 0.293391823768616 0.293493747711182 0.293598145246506 0.293705135583878 0.293814867734909 0.29392746090889 0.294043034315109 0.294161796569824 0.294283866882324 0.294409424066544 0.294538587331772 0.294671595096588 0.294808626174927 0.294949799776077 0.295095354318619 0.295245468616486 0.295400351285934 0.295560240745544 0.295725286006927 0.295895785093307 0.296071887016296 0.296253859996796 0.296441942453384 0.296636313199997 0.29683730006218 0.297045052051544 0.297259837388992 0.297481894493103 0.297711431980133 0.297948658466339 0.298193782567978 0.298447012901306 0.298708528280258
0.292730569839478 0.29281011223793 0.292891532182693 0.292974829673767 0.293060034513474 0.29314711689949 0.293236136436462 0.293327122926712 0.293420165777206 0.29351532459259 0.293612688779831 0.293712347745895 0.293814390897751 0.293918907642365 0.294026046991348 0.294135898351669 0.29424861073494 0.294364303350449 0.294483125209808 0.294605195522308 0.294730693101883 0.294859766960144 0.294992536306381 0.295129209756851 0.295269936323166 0.29541489481926 0.295564264059067 0.295718222856522 0.295876950025558 0.296040654182434 0.296209543943405 0.296383768320084 0.296563595533371 0.296749144792557 0.296940714120865 0.297138422727585 0.297342509031296 0.297553181648254 0.297770619392395 0.29799497127533 0.298226445913315 0.298465192317963 0.298711329698563 0.298965007066727
0.29305163025856 0.293130218982697 0.293210804462433 0.293293416500092 0.29337802529335 0.293464630842209 0.293553292751312 0.29364401102066 0.293736845254898 0.29383185505867 0.293929129838943 0.294028729200363 0.294130742549896 0.29423525929451 0.294342398643494 0.294452279806137 0.294564962387085 0.294680625200272 0.294799357652664 0.294921278953552 0.29504656791687 0.295175343751907 0.295307725667953 0.295443922281265 0.29558402299881 0.295728206634521 0.295876652002335 0.296029508113861 0.296186923980713 0.296349108219147 0.296516239643097 0.296688437461853 0.296865940093994 0.29704886674881 0.297237426042557 0.297431766986847 0.297632098197937 0.297838538885117 0.29805126786232 0.298270404338837 0.298496067523956 0.298728436231613 0.29896754026413 0.299213498830795
0.293369114398956 0.293446749448776 0.293526530265808 0.29360842704773 0.293692409992218 0.293778508901596 0.293866723775864 0.293957084417343 0.294049650430679 0.294144421815872 0.294241517782211 0.294340968132019 0.294442862272263 0.294547259807587 0.294654279947281 0.294764041900635 0.294876575469971 0.294992059469223 0.295110553503036 0.295232236385345 0.295357167720795 0.295485496520996 0.295617371797562 0.295752882957458 0.295892208814621 0.296035498380661 0.296182870864868 0.296334475278854 0.296490430831909 0.296650975942612 0.296816170215607 0.296986222267151 0.297161251306534 0.29734143614769 0.297526895999908 0.297717779874802 0.297914236783981 0.298116415739059 0.298324376344681 0.298538267612457 0.298758178949356 0.298984169960022 0.2992163002491 0.299454629421234
