inputs/inputs_scenarios/2022_11_25_direct_intro_NGA_weighted/inputs/vector.asc
NCOLS 370 
NROWS 294 
XLLCORNER 0.791666666961084 
YLLCORNER 1.64166666720724 
CELLSIZE 0.0416666666671355 
NODATA_value -3.4e+38 
[rows 80 to 99 of 294, columns 132 to 175 of 370]
0.341221421957016 0.341864228248596 0.342521101236343 0.343194305896759 0.343885630369186 0.344596326351166 0.34532704949379 0.346077919006348 0.346848398447037 0.347637593746185 0.348444104194641 0.34926649928093 0.350104063749313 0.350958704948425 0.351838678121567 0.352763503789902 0.353763610124588 0.354865700006485 0.356070846319199 0.35735496878624 0.358690619468689 0.36006161570549 0.361463278532028 0.362898141145706 0.364372909069061 0.365898221731186 0.367494255304337 0.369216680526733 0.371217012405396 0.373632341623306 0.376043021678925 0.377542793750763 0.378267019987106 0.378926932811737 0.3797867000103 0.380836844444275 0.382015466690063 0.383271098136902 0.384564399719238 0.385869383811951 0.387176066637039 0.388487845659256 0.389815181493759 0.391167998313904
0.340310543775558 0.340931177139282 0.341565668582916 0.342217206954956 0.342888057231903 0.343579530715942 0.34429207444191 0.345025211572647 0.345777541399002 0.34654688835144 0.34732985496521 0.348122000694275 0.348917901515961 0.349713057279587 0.350510388612747 0.351336240768433 0.352258294820786 0.353355228900909 0.354627251625061 0.355998247861862 0.357404470443726 0.358823329210281 0.360255599021912 0.361709803342819 0.363195925951004 0.364722222089767 0.366290599107742 0.36790207028389 0.369884490966797 0.373662561178207 0.378942549228668 0.379940658807755 0.378834754228592 0.37853530049324 0.379112958908081 0.380086570978165 0.381232470273972 0.38244965672493 0.38368758559227 0.384921193122864 0.386142164468765 0.387354761362076 0.38856965303421 0.389796257019043
0.339406728744507 0.339999735355377 0.340607047080994 0.34123307466507 0.341880649328232 0.34255114197731 0.343244522809982 0.34395956993103 0.34469398856163 0.345443964004517 0.346203833818436 0.34696489572525 0.34771391749382 0.348431468009949 0.349094659090042 0.349707186222076 0.350408971309662 0.351503998041153 0.352986544370651 0.354556888341904 0.356083989143372 0.357568293809891 0.359035670757294 0.360509037971497 0.362004697322845 0.363529056310654 0.365053325891495 0.366313993930817 0.36269748210907 0.372921884059906 0.395644754171371 0.385894000530243 0.379163354635239 0.377892702817917 0.378381848335266 0.379383981227875 0.380556643009186 0.381769001483917 0.382969528436661 0.384135454893112 0.385261416435242 0.386359393596649 0.387449711561203 0.388549745082855
0.338516086339951 0.339072793722153 0.339645832777023 0.340241134166718 0.340862035751343 0.34150955080986 0.342182993888855 0.342880189418793 0.343597739934921 0.344330370426178 0.345070123672485 0.34580397605896 0.346509337425232 0.347143352031708 0.347618758678436 0.347764819860458 0.34757074713707 0.34868848323822 0.351047873497009 0.353059589862823 0.354758501052856 0.35631337761879 0.357812136411667 0.359300255775452 0.360803604125977 0.362334936857224 0.363882541656494 0.365342050790787 0.366709411144257 0.371127992868423 0.377234876155853 0.378139227628708 0.376674652099609 0.376737058162689 0.377582281827927 0.37880340218544 0.38008639216423 0.381318032741547 0.38248947262764 0.383581161499023 0.384584605693817 0.38553124666214 0.386466383934021 0.387422740459442
0.33764573931694 0.338152766227722 0.338681429624557 0.339239299297333 0.339829474687576 0.3404521048069 0.341105192899704 0.341785401105881 0.342488080263138 0.343206852674484 0.343932181596756 0.344648480415344 0.34532704949379 0.345907241106033 0.346233576536179 0.345755279064178 0.340580999851227 0.342181891202927 0.349064499139786 0.351654171943665 0.353485673666 0.355081498622894 0.356594234704971 0.358086705207825 0.359591901302338 0.361131340265274 0.362724334001541 0.364416927099228 0.366409182548523 0.368997603654861 0.371682345867157 0.373388886451721 0.374350905418396 0.375438362360001 0.37688136100769 0.378576904535294 0.380060076713562 0.381241768598557 0.382384926080704 0.383390784263611 0.384201139211655 0.384911984205246 0.385629624128342 0.386406600475311
0.336803108453751 0.337240248918533 0.33771076798439 0.338222861289978 0.338778257369995 0.339374601840973 0.340007692575455 0.340672433376312 0.34136301279068 0.342072337865829 0.342790633440018 0.343502700328827 0.344181478023529 0.344771981239319 0.345142275094986 0.344898670911789 0.342834055423737 0.344055205583572 0.348174601793289 0.350535005331039 0.352313488721848 0.353887438774109 0.355386793613434 0.356868922710419 0.358365565538406 0.359899908304214 0.361496686935425 0.363195300102234 0.365054607391357 0.367079377174377 0.36909356713295 0.3708735704422 0.372475117444992 0.37418806552887 0.376367539167404 0.37952846288681 0.381373226642609 0.381653845310211 0.382935047149658 0.383871585130692 0.384272992610931 0.384549379348755 0.384939163923264 0.385484904050827
0.335994154214859 0.336331397294998 0.336725741624832 0.337183326482773 0.337700843811035 0.338270962238312 0.33888566493988 0.339537382125854 0.340219110250473 0.340923547744751 0.341641873121262 0.342361897230148 0.343064427375793 0.343717038631439 0.344265222549438 0.344644874334335 0.344999074935913 0.346082121133804 0.34787106513977 0.349627107381821 0.351222962141037 0.352724254131317 0.354186564683914 0.355644762516022 0.357122212648392 0.358637481927872 0.360208868980408 0.361856192350388 0.363593459129333 0.365405857563019 0.367237985134125 0.369046449661255 0.370883375406265 0.372929930686951 0.375631093978882 0.381895810365677 0.383033007383347 0.381966024637222 0.385118663311005 0.385973304510117 0.385052472352982 0.384448438882828 0.384361177682877 0.384625554084778
0.335218071937561 0.335412055253983 0.335709273815155 0.336105912923813 0.33658629655838 0.337133377790451 0.337733238935471 0.338375389575958 0.339051753282547 0.339755237102509 0.340478718280792 0.341213881969452 0.341950207948685 0.342675358057022 0.343380630016327 0.344086050987244 0.344893485307693 0.345961838960648 0.347289085388184 0.348717629909515 0.350149899721146 0.351568400859833 0.352983593940735 0.354410111904144 0.355861574411392 0.357350319623947 0.358888059854507 0.36048498749733 0.362146079540253 0.363866537809372 0.36563578248024 0.367459565401077 0.369389533996582 0.371544659137726 0.374135851860046 0.377272248268127 0.378897249698639 0.383544027805328 0.394504934549332 0.393411427736282 0.386454045772552 0.384433448314667 0.383804261684418 0.383779495954514
0.33445394039154 0.334445536136627 0.334627985954285 0.334967255592346 0.335419952869415 0.335952639579773 0.336544036865234 0.337181240320206 0.337855666875839 0.338561147451401 0.339292377233505 0.340044438838959 0.34081307053566 0.341596215963364 0.342399150133133 0.343244016170502 0.344175696372986 0.345239400863647 0.346435129642487 0.347718417644501 0.349045753479004 0.350396424531937 0.351766616106033 0.353160113096237 0.354583442211151 0.356043964624405 0.357549071311951 0.359105378389359 0.360717803239822 0.362389743328094 0.364127844572067 0.365952521562576 0.367910116910934 0.37008011341095 0.372564882040024 0.375436753034592 0.378917694091797 0.384399652481079 0.396580129861832 0.394908577203751 0.386773318052292 0.384141534566879 0.383155524730682 0.382898539304733
0.333628475666046 0.333344548940659 0.333419740200043 0.333733916282654 0.334185600280762 0.334720283746719 0.335312575101852 0.335950076580048 0.336625754833221 0.337334990501404 0.338074445724487 0.338841795921326 0.339636087417603 0.340459048748016 0.341317355632782 0.342225015163422 0.343201726675034 0.344263404607773 0.345409989356995 0.346625834703445 0.347891598939896 0.349193930625916 0.350527077913284 0.351890534162521 0.353286981582642 0.354720622301102 0.35619643330574 0.357719868421555 0.359296858310699 0.360935240983963 0.362648129463196 0.3644600212574 0.366413414478302 0.368576288223267 0.371053814888 0.37403792142868 0.378006815910339 0.384153991937637 0.392780184745789 0.391113996505737 0.386010736227036 0.383503317832947 0.382386177778244 0.38196587562561
0.332521110773087 0.331894040107727 0.331976264715195 0.332369118928909 0.33287239074707 0.333432227373123 0.334035694599152 0.334678322076797 0.335357457399368 0.336071074008942 0.336817860603333 0.337597340345383 0.338410198688507 0.339259058237076 0.340149015188217 0.341088086366653 0.342085242271423 0.343146681785583 0.344272077083588 0.345454603433609 0.346684843301773 0.347954839468002 0.349259853363037 0.350598305463791 0.351970970630646 0.353380352258682 0.354830175638199 0.356325328350067 0.357872396707535 0.359480887651443 0.361165881156921 0.362951874732971 0.364878296852112 0.367008417844772 0.369449943304062 0.372417032718658 0.376444607973099 0.383554488420486 0.424085438251495 0.393929421901703 0.385123580694199 0.382754981517792 0.381596475839615 0.381009161472321
0.33038318157196 0.329449415206909 0.330154657363892 0.330868244171143 0.331488996744156 0.332092702388763 0.332713603973389 0.333363711833954 0.334046840667725 0.334764182567596 0.335516422986984 0.336304545402527 0.337130159139633 0.337995797395706 0.338905036449432 0.339862167835236 0.340871334075928 0.341934710741043 0.343051493167877 0.344217747449875 0.345428168773651 0.3466776907444 0.347962707281113 0.349281519651413 0.350634217262268 0.35202232003212 0.353448867797852 0.354918330907822 0.356437176465988 0.358015060424805 0.359666585922241 0.361414223909378 0.363292455673218 0.365355521440506 0.367692530155182 0.370462507009506 0.373971968889236 0.378741294145584 0.380972921848297 0.385101437568665 0.383742213249207 0.382466197013855 0.381022751331329 0.380074828863144
0.323846220970154 0.323579102754593 0.328118562698364 0.329336047172546 0.33007276058197 0.33071357011795 0.33134862780571 0.332004487514496 0.332690089941025 0.333409160375595 0.334164202213287 0.334957420825958 0.335791260004044 0.336668133735657 0.337590485811234 0.338560432195663 0.339579433202744 0.340647608041763 0.341763406991959 0.342923760414124 0.34412482380867 0.345362812280655 0.346634864807129 0.347939372062683 0.349276036024094 0.350645929574966 0.352051496505737 0.353496730327606 0.354987531900406 0.356532752513885 0.358145177364349 0.359843760728836 0.361656427383423 0.363624542951584 0.365810334682465 0.368305385112762 0.371224641799927 0.37459871172905 0.378108441829681 0.381573408842087 0.385674953460693 0.384785443544388 0.380902022123337 0.379128962755203
0.325053930282593 0.324373573064804 0.326852768659592 0.327936500310898 0.328660666942596 0.329303562641144 0.329941272735596 0.330597907304764 0.331282556056976 0.332000017166138 0.332754164934158 0.333548754453659 0.334387183189392 0.33527210354805 0.336205095052719 0.337186753749847 0.338216722011566 0.339293539524078 0.340414792299271 0.341577172279358 0.342777073383331 0.344011068344116 0.345276534557343 0.346571773290634 0.347896367311478 0.34925103187561 0.350637763738632 0.352059930562973 0.353522658348083 0.355033308267593 0.356602311134338 0.358244478702545 0.359980493783951 0.361839383840561 0.363861083984375 0.366098642349243 0.368617594242096 0.37151312828064 0.375129401683807 0.381266087293625 0.394775211811066 0.389004290103912 0.38074055314064 0.377901583909988
0.326016217470169 0.32549574971199 0.325973272323608 0.326615929603577 0.327238738536835 0.327856153249741 0.328486531972885 0.329138785600662 0.329817950725555 0.330528825521469 0.331276923418045 0.332068234682083 0.332907974720001 0.333799362182617 0.334743231534958 0.335738480091095 0.336783051490784 0.337873935699463 0.339007526636124 0.340179651975632 0.34138610959053 0.342623203992844 0.343888133764267 0.345179170370102 0.346495687961578 0.347838193178177 0.349208295345306 0.350608736276627 0.352043688297272 0.35351887345314 0.355042189359665 0.356624245643616 0.358279079198837 0.360025346279144 0.361887395381927 0.363898038864136 0.366108000278473 0.368629693984985 0.37182804942131 0.377498418092728 0.409706622362137 0.389694541692734 0.378731518983841 0.375963598489761
0.324585229158401 0.324467569589615 0.324732303619385 0.32520255446434 0.32575711607933 0.326352477073669 0.326974779367447 0.327619642019272 0.328287869691849 0.328984677791595 0.329718589782715 0.330499738454819 0.331337064504623 0.332235068082809 0.33319291472435 0.334206819534302 0.335272401571274 0.336385130882263 0.337539732456207 0.33873051404953 0.33995196223259 0.341199666261673 0.342470437288284 0.343762457370758 0.345075041055679 0.346408605575562 0.34776446223259 0.349144905805588 0.350553095340729 0.351993262767792 0.353470802307129 0.354992508888245 0.356566697359085 0.358203500509262 0.359915137290955 0.361717492341995 0.36363497376442 0.365708231925964 0.367925852537155 0.368665486574173 0.372609347105026 0.376352518796921 0.374403148889542 0.373301893472672
0.322641104459763 0.322833240032196 0.323170691728592 0.323632329702377 0.324177622795105 0.324773073196411 0.325395315885544 0.32603195309639 0.326681584119797 0.327351927757263 0.32805722951889 0.328815907239914 0.329645603895187 0.330553650856018 0.331533759832382 0.332575649023056 0.333672404289246 0.334818303585052 0.336006015539169 0.337227076292038 0.33847388625145 0.339740842580795 0.341024458408356 0.34232297539711 0.343635946512222 0.34496396780014 0.346308320760727 0.347670912742615 0.34905418753624 0.350460976362228 0.351894587278366 0.353358596563339 0.35485652089119 0.356391429901123 0.35796508193016 0.359576851129532 0.361221462488174 0.362882405519485 0.364507228136063 0.366040766239166 0.368011891841888 0.369684725999832 0.370215237140656 0.370446145534515
0.320561587810516 0.320963025093079 0.321397423744202 0.321899741888046 0.322477132081985 0.323102682828903 0.323740005493164 0.324367940425873 0.324985504150391 0.325607031583786 0.326255947351456 0.326965242624283 0.327777713537216 0.328709840774536 0.329732865095139 0.330818653106689 0.331961214542389 0.333157598972321 0.33439689874649 0.335664987564087 0.336950749158859 0.338247418403625 0.339551687240601 0.340862572193146 0.342180460691452 0.34350648522377 0.344842255115509 0.346189558506012 0.347550392150879 0.348926573991776 0.350319772958755 0.351730972528458 0.353159964084625 0.354604244232178 0.356057047843933 0.357503443956375 0.358911991119385 0.360217928886414 0.361310720443726 0.362192511558533 0.363535970449448 0.365392953157425 0.366809755563736 0.367788940668106
0.318404257297516 0.318957060575485 0.31943741440773 0.319966703653336 0.320617496967316 0.321326702833176 0.32200676202774 0.322622984647751 0.323180675506592 0.32371136546135 0.32424983382225 0.324835151433945 0.325600653886795 0.326618760824203 0.327741473913193 0.328891813755035 0.330098569393158 0.331375360488892 0.33269801735878 0.33403879404068 0.335381895303726 0.336720883846283 0.338054478168488 0.339383870363235 0.340711146593094 0.342038691043854 0.343368858098984 0.344703704118729 0.346045076847076 0.347394198179245 0.34875163435936 0.350116550922394 0.351486146450043 0.352854013442993 0.354207634925842 0.355522602796555 0.356748670339584 0.357768148183823 0.358239412307739 0.356860667467117 0.356799274682999 0.361698716878891 0.364011973142624 0.365454584360123
0.316172897815704 0.316851258277893 0.317196935415268 0.317628145217896 0.318492859601974 0.319435477256775 0.32020953297615 0.320801228284836 0.321232229471207 0.321580588817596 0.321935504674911 0.322127282619476 0.322638154029846 0.324127733707428 0.325506508350372 0.326705366373062 0.327994048595428 0.329421132802963 0.330889999866486 0.332343965768814 0.33376869559288 0.335164546966553 0.336536437273026 0.337890177965164 0.339231014251709 0.340563356876373 0.341890782117844 0.343216061592102 0.344541192054749 0.345867276191711 0.347194284200668 0.348520398139954 0.349841326475143 0.351148545742035 0.35242685675621 0.353649199008942 0.354763597249985 0.355651080608368 0.355937749147415 0.353620082139969 0.352283209562302 0.359270006418228 0.361848831176758 0.36348357796669
