inputs/inputs_scenarios/2021_03_17_uganda/inputs/vector.asc
NCOLS 131 
NROWS 137 
XLLCORNER 29.5416666672846 
YLLCORNER -1.48333333266649 
CELLSIZE 0.0416666666671355 
NODATA_value -3.4e+38 
[rows 0 to 19 of 137, columns 44 to 87 of 131]
0.400840520858765 0.401035815477371 0.401267766952515 0.401536136865616 0.401842504739761 0.402189970016479 0.40258264541626 0.403024852275848 0.403520196676254 0.404070675373077 0.404676049947739 0.405333429574966 0.406037330627441 0.406780242919922 0.407553225755692 0.408346772193909 0.409151554107666 0.409958809614182 0.410760939121246 0.411551505327225 0.412325501441956 0.413079082965851 0.413809776306152 0.414516121149063 0.415197670459747 0.415854871273041 0.416488826274872 0.417101263999939 0.417694419622421 0.418270856142044 0.418833315372467 0.419384777545929 0.419928193092346 0.420466512441635 0.421002596616745 0.421539098024368 0.422078430652618 0.422622621059418 0.423173308372498 0.42373138666153 0.424296975135803 0.424869328737259 0.425446808338165 0.426027178764343
0.399126380681992 0.399330765008926 0.399568885564804 0.39984068274498 0.400148719549179 0.400498151779175 0.400895625352859 0.401348531246185 0.401863247156143 0.402443915605545 0.403091251850128 0.403802007436752 0.404569059610367 0.405382424592972 0.406230241060257 0.407100051641464 0.407979875802994 0.408858925104141 0.409727960824966 0.410579562187195 0.411408007144928 0.412209302186966 0.412980914115906 0.413721650838852 0.414431512355804 0.415111362934113 0.41576299071312 0.416388779878616 0.416991621255875 0.417574822902679 0.41814187169075 0.41869643330574 0.419242143630981 0.41978257894516 0.420321226119995 0.42086136341095 0.421406030654907 0.421957939863205 0.422519266605377 0.423091411590576 0.423674613237381 0.424267888069153 0.424868881702423 0.425474345684052
0.397291839122772 0.397506713867188 0.397749662399292 0.398020595312119 0.398323535919189 0.398666381835938 0.399059802293777 0.399515777826309 0.400045186281204 0.400655567646027 0.401349246501923 0.402122378349304 0.40296533703804 0.403864175081253 0.404802680015564 0.405764222145081 0.406733363866806 0.407696664333344 0.40864309668541 0.409564137458801 0.410453528165817 0.41130718588829 0.412122815847397 0.412899613380432 0.413638114929199 0.414340019226074 0.415007799863815 0.415644735097885 0.41625452041626 0.416841387748718 0.417409658432007 0.417963832616806 0.418508291244507 0.4190474152565 0.419585317373276 0.420125991106033 0.420673280954361 0.4212307035923 0.421801418066025 0.422387659549713 0.42299011349678 0.423607438802719 0.424236238002777 0.424871653318405
0.395328491926193 0.39555612206459 0.395801991224289 0.396065711975098 0.396353036165237 0.396675765514374 0.397050559520721 0.397496551275253 0.398031860589981 0.398669689893723 0.399415045976639 0.400263100862503 0.401199847459793 0.402205020189285 0.403255730867386 0.404329389333725 0.40540599822998 0.40646892786026 0.40750527381897 0.408505529165268 0.409463137388229 0.410374164581299 0.411236792802811 0.412050992250443 0.412818133831024 0.413540810346603 0.414222478866577 0.414867490530014 0.415480613708496 0.416067063808441 0.416632264852524 0.417181640863419 0.41772049665451 0.41825395822525 0.418786913156509 0.41932401061058 0.419869929552078 0.42042937874794 0.421007096767426 0.421606928110123 0.422230690717697 0.42287665605545 0.423539608716965 0.424211949110031
0.39322829246521 0.393472582101822 0.393719136714935 0.393966406583786 0.394222140312195 0.394503533840179 0.394836068153381 0.395250052213669 0.395775526762009 0.396435439586639 0.397239476442337 0.398180842399597 0.399237751960754 0.400379300117493 0.401571959257126 0.402784794569016 0.403992027044296 0.405173510313034 0.406314581632614 0.407405138015747 0.408438861370087 0.409412443637848 0.410324990749359 0.411177486181259 0.411972492933273 0.412713795900345 0.413406133651733 0.414055109024048 0.414666771888733 0.415247648954391 0.415804356336594 0.416343450546265 0.416871249675751 0.417393743991852 0.417916387319565 0.418444484472275 0.418983399868011 0.419539213180542 0.420119076967239 0.420730441808701 0.421377956867218 0.422059774398804 0.422766923904419 0.423486799001694
0.390984237194061 0.391251981258392 0.391496956348419 0.39171490073204 0.391915291547775 0.392122387886047 0.392374366521835 0.392719149589539 0.393206715583801 0.393877595663071 0.394750356674194 0.395814180374146 0.397032350301743 0.398354828357697 0.399731427431107 0.401119589805603 0.402486741542816 0.403809666633606 0.405072659254074 0.406265914440155 0.407384186983109 0.40842542052269 0.409390270709991 0.410281270742416 0.411102473735809 0.411859184503555 0.412557750940323 0.413205206394196 0.413809269666672 0.414377927780151 0.414919316768646 0.415441334247589 0.415951460599899 0.416456490755081 0.416962414979935 0.417474627494812 0.417998522520065 0.418541043996811 0.419112920761108 0.419729202985764 0.420403063297272 0.421133428812027 0.421902358531952 0.422686547040939
0.388590842485428 0.388894081115723 0.389136373996735 0.389307796955109 0.38941815495491 0.389499992132187 0.389609307050705 0.389821201562881 0.39021971821785 0.390878945589066 0.39183646440506 0.393072962760925 0.394520312547684 0.396092444658279 0.397712737321854 0.399324089288712 0.400887817144394 0.402379214763641 0.403783529996872 0.405092835426331 0.406304121017456 0.407417744398117 0.408436566591263 0.409365206956863 0.410209715366364 0.410977274179459 0.411675989627838 0.412314862012863 0.412903338670731 0.413451373577118 0.413968831300735 0.414465367794037 0.414949774742126 0.41542974114418 0.415911465883255 0.416399598121643 0.416897803544998 0.417411029338837 0.417952239513397 0.418552845716476 0.419254064559937 0.420060217380524 0.420925408601761 0.421801269054413
0.386045128107071 0.386404991149902 0.386647045612335 0.386750310659409 0.38672086596489 0.386599332094193 0.386465072631836 0.386433273553848 0.386644929647446 0.387243062257767 0.388314098119736 0.389819860458374 0.391616821289062 0.393547296524048 0.395495921373367 0.397392421960831 0.399196863174438 0.40088763833046 0.402454197406769 0.403893172740936 0.405205577611923 0.406395465135574 0.407468765974045 0.408432871103287 0.409296244382858 0.410068243741989 0.410759210586548 0.41138020157814 0.411942899227142 0.412459492683411 0.412942200899124 0.413402765989304 0.413851737976074 0.414297848939896 0.414747208356857 0.415202766656876 0.415663301944733 0.416123300790787 0.416582673788071 0.417094260454178 0.417812466621399 0.41877543926239 0.419813930988312 0.420824646949768
0.383347272872925 0.383800327777863 0.384052872657776 0.384063571691513 0.383825272321701 0.383381336927414 0.382839292287827 0.382368862628937 0.382194310426712 0.382604360580444 0.383847087621689 0.385837554931641 0.388214707374573 0.390676230192184 0.393068462610245 0.395326018333435 0.397421658039093 0.39934515953064 0.401095449924469 0.402676999568939 0.404097467660904 0.405366003513336 0.406492739915848 0.407488375902176 0.408364236354828 0.409132242202759 0.409805089235306 0.410396248102188 0.410920023918152 0.411391317844391 0.411825299263 0.412236630916595 0.412638306617737 0.413040429353714 0.413449078798294 0.413864940404892 0.414279520511627 0.41466411948204 0.414945095777512 0.415048390626907 0.415668606758118 0.417178571224213 0.418564587831497 0.419761508703232
0.380501180887222 0.381109088659286 0.381399780511856 0.381297051906586 0.380758464336395 0.379810363054276 0.378591418266296 0.37734717130661 0.376359939575195 0.376149088144302 0.377704858779907 0.380784571170807 0.384207874536514 0.387457102537155 0.390433490276337 0.393136829137802 0.395577639341354 0.397767722606659 0.399721950292587 0.401457190513611 0.402990520000458 0.40433806180954 0.405515164136887 0.406536340713501 0.407416075468063 0.408168971538544 0.408810406923294 0.409356445074081 0.409824252128601 0.410232067108154 0.410598963499069 0.410943806171417 0.411283373832703 0.411629766225815 0.411989003419876 0.412360191345215 0.412730693817139 0.413053303956985 0.413135468959808 0.411673575639725 0.409861266613007 0.415371865034103 0.41724482178688 0.418631583452225
0.377515912055969 0.378377109766006 0.378764390945435 0.378548860549927 0.377602934837341 0.375867277383804 0.37349271774292 0.370938986539841 0.368357926607132 0.365222483873367 0.367784410715103 0.374271631240845 0.37959149479866 0.383917659521103 0.387611985206604 0.390846371650696 0.393687933683395 0.396177053451538 0.398352265357971 0.400248855352402 0.401896864175797 0.403321295976639 0.404543280601501 0.405581653118134 0.406453937292099 0.407177686691284 0.407770782709122 0.408252149820328 0.408641904592514 0.408961921930313 0.409236460924149 0.409491181373596 0.409749448299408 0.410026460886002 0.410326778888702 0.410647481679916 0.410979568958282 0.411294192075729 0.411478668451309 0.411117404699326 0.411529630422592 0.41411155462265 0.415943920612335 0.417445033788681
0.374411046504974 0.375664293766022 0.376256376504898 0.375996202230453 0.374567836523056 0.371616870164871 0.366964429616928 0.362037867307663 0.357785880565643 0.346297591924667 0.348180919885635 0.366827994585037 0.374625474214554 0.380112648010254 0.38460910320282 0.388476073741913 0.391783088445663 0.394600510597229 0.397007673978806 0.399068236351013 0.400829046964645 0.402325332164764 0.403584480285645 0.404629170894623 0.405479848384857 0.406156629323959 0.406680196523666 0.407072007656097 0.407354772090912 0.407553672790527 0.407699078321457 0.40782818198204 0.407978892326355 0.408172577619553 0.408405095338821 0.408663004636765 0.408942222595215 0.409250557422638 0.409618854522705 0.410170137882233 0.411235183477402 0.412849634885788 0.414560437202454 0.416170001029968
0.371232569217682 0.373017370700836 0.373985201120377 0.373921722173691 0.372146338224411 0.36750590801239 0.358560353517532 0.340017974376678 0.344602853059769 0.317948997020721 0.342877447605133 0.360500782728195 0.369541674852371 0.375843077898026 0.381275027990341 0.386044412851334 0.389906704425812 0.393069595098495 0.395709156990051 0.397930055856705 0.399798005819321 0.401358813047409 0.402645587921143 0.403683632612228 0.404495179653168 0.405102699995041 0.405529826879501 0.405800729990005 0.405939251184464 0.405970603227615 0.405928760766983 0.405869662761688 0.405871361494064 0.405977368354797 0.406145513057709 0.406318575143814 0.406492054462433 0.406690418720245 0.406987905502319 0.407705724239349 0.409112215042114 0.410981923341751 0.412930518388748 0.41475847363472
0.368055820465088 0.370358645915985 0.371896773576736 0.372625678777695 0.37150052189827 0.364680588245392 0.348375916481018 0.336034893989563 0.326768755912781 0.26320219039917 0.335523933172226 0.355070501565933 0.362661868333817 0.369020462036133 0.37702214717865 0.383681207895279 0.388126850128174 0.391609877347946 0.394469618797302 0.396843105554581 0.398809850215912 0.400427103042603 0.40173214673996 0.402749359607697 0.403500497341156 0.404009997844696 0.404305964708328 0.404416501522064 0.40436452627182 0.404165536165237 0.403838962316513 0.403449982404709 0.403201967477798 0.403279393911362 0.403449922800064 0.403497368097305 0.403451532125473 0.403381824493408 0.402948141098022 0.403202682733536 0.405486047267914 0.408425986766815 0.411017298698425 0.413194537162781
0.364928811788559 0.36706605553627 0.369102865457535 0.371402949094772 0.375776737928391 0.36966261267662 0.330206394195557 0.330608308315277 0.328169256448746 0.332318395376205 0.331236481666565 0.354512006044388 0.356564164161682 0.36455887556076 0.374879896640778 0.38175031542778 0.386473476886749 0.390197843313217 0.393280565738678 0.395804435014725 0.397859126329422 0.399527937173843 0.400847762823105 0.401831597089767 0.402495831251144 0.402867615222931 0.402983844280243 0.402882903814316 0.402587473392487 0.402083933353424 0.401319116353989 0.400214105844498 0.399091273546219 0.399756163358688 0.400242209434509 0.400039374828339 0.399292677640915 0.399205416440964 0.396626591682434 0.387636691331863 0.393523216247559 0.4054074883461 0.408943057060242 0.411498576402664
0.362183511257172 0.361885756254196 0.357597380876541 0.373151957988739 0.417424082756042 0.402089446783066 0.356503367424011 0.354349285364151 0.349843591451645 0.347713619470596 0.345317453145981 0.363103330135345 0.363347470760345 0.36565950512886 0.372951358556747 0.38011047244072 0.38466688990593 0.388635724782944 0.392113834619522 0.394793212413788 0.39690488576889 0.398639559745789 0.399995297193527 0.400940239429474 0.401482313871384 0.401653796434402 0.401511579751968 0.401123195886612 0.400530129671097 0.399665176868439 0.398263782262802 0.395882070064545 0.374669581651688 0.395269602537155 0.396591275930405 0.396049737930298 0.389507651329041 0.393761247396469 0.3959019780159 0.396254301071167 0.399028271436691 0.403374880552292 0.406846284866333 0.409667491912842
0.360620439052582 0.365222156047821 0.372043639421463 0.373517245054245 0.37482813000679 0.376330763101578 0.370136857032776 0.363255679607391 0.345198422670364 0.353599905967712 0.3516586124897 0.362880975008011 0.366773009300232 0.370826244354248 0.372899681329727 0.377963185310364 0.380861163139343 0.3862584233284 0.391061812639236 0.393739283084869 0.395731508731842 0.397693127393723 0.399189412593842 0.400101065635681 0.40046826004982 0.400321811437607 0.399765074253082 0.398934066295624 0.39798367023468 0.39680939912796 0.394671529531479 0.373420923948288 0.391493141651154 0.320902764797211 0.392879009246826 0.39287543296814 0.390336513519287 0.392230331897736 0.394191563129425 0.395359873771667 0.397481918334961 0.400965511798859 0.404488801956177 0.407609164714813
0.359825253486633 0.367001473903656 0.372001767158508 0.375477850437164 0.377166718244553 0.376159310340881 0.368183672428131 0.366472184658051 0.360392957925797 0.356675207614899 0.35123273730278 0.359636873006821 0.352690190076828 0.368079334497452 0.370061099529266 0.372708022594452 0.381257981061935 0.386421591043472 0.390563607215881 0.392473965883255 0.391937345266342 0.396669685840607 0.398505717515945 0.399372607469559 0.399496257305145 0.398744374513626 0.397363275289536 0.395635664463043 0.39410388469696 0.393297404050827 0.388610631227493 0.389488190412521 0.390159338712692 0.389843672513962 0.389757007360458 0.389135926961899 0.389410525560379 0.389993458986282 0.390466451644897 0.390214920043945 0.389290034770966 0.397132009267807 0.401580572128296 0.405175000429153
0.360943019390106 0.368572533130646 0.374366968870163 0.379476338624954 0.384149551391602 0.383774846792221 0.374076277017593 0.367294669151306 0.358119755983353 0.334586560726166 0.353853911161423 0.361450642347336 0.361976772546768 0.367295801639557 0.37055230140686 0.373752593994141 0.382563948631287 0.387398272752762 0.39070138335228 0.392540633678436 0.393245548009872 0.396414160728455 0.398074835538864 0.398832559585571 0.398746311664581 0.396917045116425 0.389433473348618 0.390218704938889 0.380590945482254 0.3890360891819 0.38813841342926 0.38713663816452 0.385092854499817 0.386922210454941 0.385369390249252 0.377318024635315 0.384387463331223 0.38507667183876 0.384605824947357 0.380062758922577 0.384250611066818 0.39253181219101 0.398033440113068 0.402130842208862
0.363093167543411 0.370457947254181 0.376960664987564 0.384350091218948 0.398598700761795 0.427842438220978 0.383040875196457 0.364108085632324 0.35938361287117 0.348202347755432 0.354425728321075 0.360939621925354 0.361855864524841 0.366388589143753 0.371388882398605 0.377274036407471 0.383921265602112 0.388079017400742 0.391066491603851 0.393245458602905 0.394981443881989 0.396600544452667 0.397821515798569 0.398479908704758 0.398453325033188 0.397363066673279 0.395413517951965 0.393216103315353 0.387988060712814 0.364952802658081 0.385158747434616 0.380520224571228 0.382371634244919 0.383483558893204 0.381661176681519 0.374979346990585 0.377347469329834 0.377063184976578 0.376634985208511 0.368445932865143 0.376847684383392 0.385919779539108 0.393324673175812 0.39775612950325
