inputs/inputs_scenarios/2021_03_17_uganda/inputs/vector.asc
NCOLS 131 
NROWS 137 
XLLCORNER 29.5416666672846 
YLLCORNER -1.48333333266649 
CELLSIZE 0.0416666666671355 
NODATA_value -3.4e+38 
[rows 0 to 19 of 137, columns 0 to 43 of 131]
0.422158360481262 0.421808928251266 0.42144039273262 0.421052128076553 0.42064356803894 0.420214205980301 0.419763475656509 0.419290959835052 0.41879615187645 0.418278783559799 0.417738497257233 0.417175203561783 0.41658878326416 0.415979385375977 0.415347337722778 0.414693117141724 0.414017528295517 0.413321673870087 0.412606984376907 0.411875277757645 0.41112893819809 0.410370707511902 0.409604012966156 0.40883281826973 0.40806171298027 0.407295882701874 0.406541138887405 0.405803769826889 0.405090391635895 0.404407918453217 0.403763294219971 0.403163224458694 0.402613997459412 0.402121275663376 0.40168970823288 0.401322841644287 0.401022851467133 0.400790512561798 0.400625020265579 0.400524079799652 0.400484174489975 0.40050083398819 0.400569051504135 0.400683760643005
0.422107189893723 0.421745717525482 0.421363919973373 0.420961111783981 0.420536637306213 0.420089811086655 0.419619977474213 0.419126510620117 0.418608844280243 0.418066442012787 0.417498856782913 0.416905760765076 0.416286885738373 0.41564217209816 0.414971768856049 0.414275944232941 0.413555353879929 0.412810891866684 0.412043899297714 0.411256104707718 0.410449802875519 0.409627854824066 0.408793807029724 0.407951831817627 0.407107025384903 0.406265109777451 0.405432641506195 0.404616862535477 0.403825491666794 0.403066724538803 0.402348756790161 0.401679694652557 0.401067167520523 0.400518029928207 0.400037974119186 0.399631440639496 0.399301081895828 0.399047672748566 0.39887011051178 0.398765206336975 0.398728132247925 0.398752629756927 0.398831725120544 0.398958444595337
0.422063291072845 0.421689957380295 0.421295136213303 0.420877993106842 0.420437753200531 0.41997355222702 0.419484615325928 0.418970137834549 0.418429374694824 0.417861640453339 0.417266219854355 0.416642636060715 0.415990382432938 0.415309190750122 0.414598912000656 0.413859635591507 0.413091719150543 0.412295877933502 0.411473244428635 0.410625338554382 0.409754395484924 0.408863216638565 0.407955378293991 0.407035410404205 0.406108677387238 0.405181586742401 0.404261559247971 0.403356850147247 0.402476608753204 0.401630401611328 0.400828182697296 0.400079697370529 0.39939421415329 0.398780196905136 0.398244738578796 0.397793382406235 0.397429525852203 0.397154241800308 0.39696592092514 0.396860361099243 0.396830946207047 0.39686906337738 0.396965056657791 0.397108972072601
0.422027230262756 0.421642422676086 0.421234875917435 0.420803666114807 0.42034786939621 0.419866502285004 0.41935858130455 0.41882312297821 0.418259233236313 0.417665928602219 0.417042374610901 0.416387736797333 0.415701359510422 0.414982587099075 0.414231061935425 0.413446545600891 0.412629127502441 0.411779135465622 0.410897433757782 0.409985333681107 0.409044772386551 0.40807843208313 0.407089918851852 0.406083881855011 0.405066013336182 0.404043406248093 0.403024315834045 0.402018368244171 0.401036232709885 0.40008932352066 0.399189621210098 0.398348957300186 0.397578716278076 0.396889328956604 0.396289765834808 0.395787060260773 0.39538586139679 0.395087718963623 0.394890695810318 0.39478924870491 0.394774466753006 0.394834578037262 0.394956141710281 0.395125091075897
0.421999603509903 0.421603709459305 0.421183854341507 0.420738995075226 0.420268028974533 0.419769793748856 0.419243156909943 0.418686926364899 0.418099969625473 0.41748109459877 0.416829198598862 0.416143149137497 0.415422022342682 0.414664834737778 0.413870871067047 0.41303950548172 0.412170439958572 0.411263674497604 0.410319566726685 0.409339070320129 0.408323764801025 0.407276064157486 0.406199395656586 0.405098378658295 0.403979033231735 0.402849018573761 0.401717603206635 0.400595813989639 0.3994961977005 0.398432523012161 0.39741924405098 0.396470844745636 0.39560130238533 0.394823431968689 0.394148617982864 0.393586158752441 0.393142431974411 0.392820090055466 0.392617106437683 0.392526417970657 0.392536163330078 0.392630308866501 0.392790138721466 0.392995715141296
0.421980947256088 0.421574503183365 0.421142876148224 0.42068487405777 0.42019921541214 0.419684618711472 0.419139683246613 0.418563038110733 0.417953252792358 0.417308956384659 0.41662871837616 0.415911138057709 0.415154844522476 0.414358586072922 0.413521200418472 0.412641614675522 0.411719053983688 0.410752981901169 0.409743249416351 0.408690214157104 0.407594978809357 0.406459450721741 0.40528666973114 0.404081016778946 0.402848690748215 0.401597708463669 0.400338411331177 0.399083435535431 0.397847652435303 0.396647691726685 0.395501226186752 0.394426047801971 0.393439173698425 0.392556369304657 0.391791850328445 0.391158044338226 0.390664398670197 0.390315592288971 0.390110105276108 0.39003923535347 0.390087306499481 0.390232682228088 0.390449315309525 0.390708953142166
0.421971768140793 0.421555370092392 0.421112626791 0.420642107725143 0.420142441987991 0.41961207985878 0.419049441814423 0.41845291852951 0.417820811271667 0.417151480913162 0.416443139314651 0.415694057941437 0.414902538061142 0.414066851139069 0.413185328245163 0.412256449460983 0.411278784275055 0.410251200199127 0.409172892570496 0.408043414354324 0.406863152980804 0.405633181333542 0.404355943202972 0.403035312891006 0.401677161455154 0.400289803743362 0.398884505033493 0.397475689649582 0.396081000566483 0.394720822572708 0.393417119979858 0.392191916704178 0.391065835952759 0.390057444572449 0.389184147119522 0.388462662696838 0.387907594442368 0.387527972459793 0.387323826551437 0.387284636497498 0.387390077114105 0.38761106133461 0.38791161775589 0.388251632452011
0.421972453594208 0.421546876430511 0.421093761920929 0.420611560344696 0.420098692178726 0.419553369283676 0.418973803520203 0.418358147144318 0.417704433202744 0.41701066493988 0.416274726390839 0.415494531393051 0.414667963981628 0.413792759180069 0.412866801023483 0.411887913942337 0.410853981971741 0.409763127565384 0.408613651990891 0.407404184341431 0.406134009361267 0.404803186655045 0.403413027524948 0.401966422796249 0.400468528270721 0.398927450180054 0.397355020046234 0.395767509937286 0.394185990095139 0.39263591170311 0.391145348548889 0.389742255210876 0.388451099395752 0.387292087078094 0.386284440755844 0.385450631380081 0.384815096855164 0.384395807981491 0.384196400642395 0.384204238653183 0.384392768144608 0.384723693132401 0.385147899389267 0.385608196258545
0.421983361244202 0.421549439430237 0.42108690738678 0.420593976974487 0.420068860054016 0.419509589672089 0.418914139270782 0.418280333280563 0.41760590672493 0.416888564825058 0.416125863790512 0.415315240621567 0.414454132318497 0.413539797067642 0.412569493055344 0.411540359258652 0.410449504852295 0.409294128417969 0.408071488142014 0.406779021024704 0.405414670705795 0.403977006673813 0.402465641498566 0.400881886482239 0.399229377508163 0.39751523733139 0.395751148462296 0.393954992294312 0.392151802778244 0.390374034643173 0.388659536838531 0.387045860290527 0.385562270879745 0.384225457906723 0.383049219846725 0.382062822580338 0.381312102079391 0.380835354328156 0.380642712116241 0.380716532468796 0.381021797657013 0.381510227918625 0.38211664557457 0.382758736610413
0.422004669904709 0.421563446521759 0.421092540025711 0.42059001326561 0.420053869485855 0.419481873512268 0.418871730566025 0.418220996856689 0.417527079582214 0.416787356138229 0.415998965501785 0.415158987045288 0.414264261722565 0.413311570882797 0.412297487258911 0.41121843457222 0.41007062792778 0.408850193023682 0.407553195953369 0.40617561340332 0.404713690280914 0.403163969516754 0.40152382850647 0.399792075157166 0.397969752550125 0.396061599254608 0.394077837467194 0.392036765813828 0.38996747136116 0.38791212439537 0.385924965143204 0.384063422679901 0.382367193698883 0.380835711956024 0.379446983337402 0.378232419490814 0.377296030521393 0.376727283000946 0.376542180776596 0.376704692840576 0.37716680765152 0.377876371145248 0.378753215074539 0.379674702882767
0.422036468982697 0.42158904671669 0.421111017465591 0.420600235462189 0.42005443572998 0.419471144676208 0.418847799301147 0.418181627988815 0.417469769716263 0.416709154844284 0.415896534919739 0.41502857208252 0.414101600646973 0.413111835718155 0.412055134773254 0.410927087068558 0.40972301363945 0.408437877893448 0.407066315412521 0.405602604150772 0.404040932655334 0.402375400066376 0.400600284337997 0.398710906505585 0.396704167127609 0.39458042383194 0.392345905303955 0.39001652598381 0.387623697519302 0.385221123695374 0.382890433073044 0.380735099315643 0.378838121891022 0.377161264419556 0.375518590211868 0.373897552490234 0.372611254453659 0.371890187263489 0.371721923351288 0.371998935937881 0.372649997472763 0.373655796051025 0.374945163726807 0.376312613487244
0.422078520059586 0.42162624001503 0.421142518520355 0.420625001192093 0.420071184635162 0.419478327035904 0.418843537569046 0.418163746595383 0.417435705661774 0.416656017303467 0.415821015834808 0.414926886558533 0.413969486951828 0.412944406270981 0.411846786737442 0.410671472549438 0.409412682056427 0.408064126968384 0.40661895275116 0.405069589614868 0.403407752513885 0.40162456035614 0.399710595607758 0.397656261920929 0.395452708005905 0.393093079328537 0.390575498342514 0.387908071279526 0.385118007659912 0.382266879081726 0.37947353720665 0.376938998699188 0.374928146600723 0.373479813337326 0.371671974658966 0.369031518697739 0.366961032152176 0.366023302078247 0.365939229726791 0.366356462240219 0.36715093255043 0.368487149477005 0.370468139648438 0.372613131999969
0.422130465507507 0.421674758195877 0.421186953783035 0.420664519071579 0.420104593038559 0.419504165649414 0.418860018253326 0.418168693780899 0.417426615953445 0.416629999876022 0.415774822235107 0.414856761693954 0.413871198892593 0.412813097238541 0.411676973104477 0.410456746816635 0.409145653247833 0.40773618221283 0.406219780445099 0.404586851596832 0.402826517820358 0.400926500558853 0.398872911930084 0.396650314331055 0.39424192905426 0.391630560159683 0.388800650835037 0.385743409395218 0.38246762752533 0.379023522138596 0.375552505254745 0.372391015291214 0.370308339595795 0.370951771736145 0.371010661125183 0.363475233316422 0.359585255384445 0.358593881130219 0.358889728784561 0.359470158815384 0.359993308782578 0.361166626214981 0.364804536104202 0.368562132120132
0.422191441059113 0.421733975410461 0.421243995428085 0.42071869969368 0.420154899358749 0.419549226760864 0.418898075819016 0.418197691440582 0.417444080114365 0.416633069515228 0.41576024889946 0.414820909500122 0.413809895515442 0.412721663713455 0.411549985408783 0.410288065671921 0.408928066492081 0.407461225986481 0.405877411365509 0.404164969921112 0.402310281991959 0.400297462940216 0.398107707500458 0.395718902349472 0.393104761838913 0.390234619379044 0.387073338031769 0.383583337068558 0.379732042551041 0.375514537096024 0.371018439531326 0.366599649190903 0.363410651683807 0.367012172937393 0.40056973695755 0.353839814662933 0.348402887582779 0.348659634590149 0.350302278995514 0.351141273975372 0.349398761987686 0.343275189399719 0.357999265193939 0.364453732967377
0.422260195016861 0.421802818775177 0.421312868595123 0.420787125825882 0.420222073793411 0.419613867998123 0.418958514928818 0.418251872062683 0.417489558458328 0.416667073965073 0.415779560804367 0.414821952581406 0.413788676261902 0.412673622369766 0.411470055580139 0.410170316696167 0.408765703439713 0.407246261835098 0.405600368976593 0.403814375400543 0.40187206864357 0.399753957986832 0.39743635058403 0.394890159368515 0.392078936100006 0.388956695795059 0.385464310646057 0.381525158882141 0.377039790153503 0.371884703636169 0.365940093994141 0.359250873327255 0.352456390857697 0.346627980470657 0.34416651725769 0.334384024143219 0.328769356012344 0.33428829908371 0.340158253908157 0.341793239116669 0.330158293247223 0.344122737646103 0.354176968336105 0.360685497522354
0.422334790229797 0.421879708766937 0.421392321586609 0.420868992805481 0.420305699110031 0.419698148965836 0.419041842222214 0.418332189321518 0.417564421892166 0.416733652353287 0.415834784507751 0.414862334728241 0.413810342550278 0.412672340869904 0.411440968513489 0.410108000040054 0.408663928508759 0.40709775686264 0.405396491289139 0.403544783592224 0.401524096727371 0.399311780929565 0.39687967300415 0.394192218780518 0.39120352268219 0.387852847576141 0.384057104587555 0.379698127508163 0.374597936868668 0.368466943502426 0.360785096883774 0.350577026605606 0.337343335151672 0.325083673000336 0.320889562368393 0.314261615276337 0.30682447552681 0.310362309217453 0.320462495088577 0.327664226293564 0.328251123428345 0.338937669992447 0.349425792694092 0.35664165019989
0.422412365674973 0.421962052583694 0.421480298042297 0.42096284031868 0.420405030250549 0.41980192065239 0.41914838552475 0.418439418077469 0.417669832706451 0.416834443807602 0.415927827358246 0.414944261312485 0.41387751698494 0.412720710039139 0.411466181278229 0.410105139017105 0.408627420663834 0.407021254301071 0.405272573232651 0.403364628553391 0.401277035474777 0.398984640836716 0.396455824375153 0.393650025129318 0.390513926744461 0.38697537779808 0.382933080196381 0.378237336874008 0.372650861740112 0.365753978490829 0.356652528047562 0.342530965805054 0.311103463172913 0.30917751789093 0.28304597735405 0.297321766614914 0.303908795118332 0.310053259134293 0.327336221933365 0.339905917644501 0.331206291913986 0.331930488348007 0.340650409460068 0.351811498403549
0.422488778829575 0.42204624414444 0.421573877334595 0.421066582202911 0.420518785715103 0.419924646615982 0.41927832365036 0.418574273586273 0.417806923389435 0.416970819234848 0.416060388088226 0.415069729089737 0.413992404937744 0.412821352481842 0.411548614501953 0.410165041685104 0.408660054206848 0.407021284103394 0.405233979225159 0.403280407190323 0.4011390209198 0.398782998323441 0.39617857336998 0.393282175064087 0.390036344528198 0.386362880468369 0.382151901721954 0.377241641283035 0.371379613876343 0.364137172698975 0.35469001531601 0.341153234243393 0.319802284240723 0.281582951545715 0.263904511928558 0.278902560472488 0.296749114990234 0.310028821229935 0.303374499082565 0.330131143331528 0.332842141389847 0.321766555309296 0.332579016685486 0.346295028924942
0.422557920217514 0.422126829624176 0.421668708324432 0.42117714881897 0.420645117759705 0.420065522193909 0.419431656599045 0.418737322092056 0.417976677417755 0.417144179344177 0.416234076023102 0.415240496397018 0.414156973361969 0.41297635436058 0.411690562963486 0.4102903008461 0.408764719963074 0.40710112452507 0.405284434556961 0.403296500444412 0.40111517906189 0.398713082075119 0.396055728197098 0.393098771572113 0.389784038066864 0.386033177375793 0.381737619638443 0.376742213964462 0.370817244052887 0.363610982894897 0.354576885700226 0.342930436134338 0.327874511480331 0.291129767894745 0.291151463985443 0.27991971373558 0.288865894079208 0.310606598854065 0.315356403589249 0.322908520698547 0.34892275929451 0.336863458156586 0.342926025390625 0.350212633609772
0.422610461711884 0.422195702791214 0.421758532524109 0.421290248632431 0.420781522989273 0.420223504304886 0.419608294963837 0.418929189443588 0.418180197477341 0.417355746030807 0.416450291872025 0.415458083152771 0.414372831583023 0.41318741440773 0.41189381480217 0.410482704639435 0.408943265676498 0.407262712717056 0.40542596578598 0.403414905071259 0.401207506656647 0.398776710033417 0.396088719367981 0.393100470304489 0.389756143093109 0.385981827974319 0.381677478551865 0.376705080270767 0.370871037244797 0.363902866840363 0.355424404144287 0.344937592744827 0.331645041704178 0.30935862660408 0.297633200883865 0.275518149137497 0.296020328998566 0.300524592399597 0.306791424751282 0.327132165431976 0.330149322748184 0.331371486186981 0.339152634143829 0.353904455900192
