inputs/inputs_scenarios/2021_03_17_uganda/inputs/vector.asc
NCOLS 131 
NROWS 137 
XLLCORNER 29.5416666672846 
YLLCORNER -1.48333333266649 
CELLSIZE 0.0416666666671355 
NODATA_value -3.4e+38 
[rows 20 to 39 of 137, columns 0 to 43 of 131]
0.422631978988647 0.422240406274796 0.421834021806717 0.421399980783463 0.420924961566925 0.420397490262985 0.419808477163315 0.419150799512863 0.418418675661087 0.417606920003891 0.416710466146469 0.415723890066147 0.414641290903091 0.413455754518509 0.412159472703934 0.410743325948715 0.409196555614471 0.407506674528122 0.405658811330795 0.403635263442993 0.401414752006531 0.398971289396286 0.396272867918015 0.393279284238815 0.389939188957214 0.386186003684998 0.381931662559509 0.377057939767838 0.371403753757477 0.364746481180191 0.356770396232605 0.346979439258575 0.334112018346786 0.330290079116821 0.296351850032806 0.304917067289352 0.311199605464935 0.319208323955536 0.305364340543747 0.318060845136642 0.333638936281204 0.321470618247986 0.341144949197769 0.355189502239227
0.422598451375961 0.422240942716599 0.421881467103958 0.421498507261276 0.421072006225586 0.420586824417114 0.420032888650894 0.419403433799744 0.418693602085114 0.417899161577225 0.417015910148621 0.416039109230042 0.414963364601135 0.413782238960266 0.412488222122192 0.411072462797165 0.409524589776993 0.407832443714142 0.405981630086899 0.40395525097847 0.401733040809631 0.399290680885315 0.396598607301712 0.393620431423187 0.390310525894165 0.386610805988312 0.382445871829987 0.377715915441513 0.372284859418869 0.365955680608749 0.358411967754364 0.349039971828461 0.336145430803299 0.32127183675766 0.324770748615265 0.321892559528351 0.32881173491478 0.331703990697861 0.334558844566345 0.345241129398346 0.330217301845551 0.335078328847885 0.323030591011047 0.354477375745773
0.422466993331909 0.422163516283035 0.421880215406418 0.421576350927353 0.421219944953918 0.420792162418365 0.420283526182175 0.419689387083054 0.41900709271431 0.41823422908783 0.417368024587631 0.416404783725739 0.415339797735214 0.414167255163193 0.412880092859268 0.411469846963882 0.409926533699036 0.408238500356674 0.406391978263855 0.404370933771133 0.402156412601471 0.399725943803787 0.397052824497223 0.394104689359665 0.390842080116272 0.387215375900269 0.38316085934639 0.378594487905502 0.373400688171387 0.367400974035263 0.360253095626831 0.351085066795349 0.337623298168182 0.317717790603638 0.3327916264534 0.336282402276993 0.339031517505646 0.341521024703979 0.341614961624146 0.340190082788467 0.347929716110229 0.350033909082413 0.352615267038345 0.34504759311676
0.422151654958725 0.421946823596954 0.421800285577774 0.421624213457108 0.421369135379791 0.421017050743103 0.420564323663712 0.420012056827545 0.419361799955368 0.418614149093628 0.417768269777298 0.416821867227554 0.415771156549454 0.414611011743546 0.413334846496582 0.411934673786163 0.410400986671448 0.408722579479218 0.406886458396912 0.40487739443779 0.402677685022354 0.400266766548157 0.397620558738708 0.394710779190063 0.391503721475601 0.387957990169525 0.384019553661346 0.379614859819412 0.374645859003067 0.368967950344086 0.36227086186409 0.353510946035385 0.340325713157654 0.330627977848053 0.335195600986481 0.341841459274292 0.345025956630707 0.347774595022202 0.350155889987946 0.352630436420441 0.354419738054276 0.355375200510025 0.361695915460587 0.367643743753433
0.421446740627289 0.421471297740936 0.421604305505753 0.421640574932098 0.421527743339539 0.421270132064819 0.420882225036621 0.42037644982338 0.419761210680008 0.419041216373444 0.418218106031418 0.417291194200516 0.416257739067078 0.415113300085068 0.413851827383041 0.412465780973434 0.410946100950241 0.409282088279724 0.407461225986481 0.40546914935112 0.403289258480072 0.400902420282364 0.398286730051041 0.395417243242264 0.392265826463699 0.38879981637001 0.38497531414032 0.380716145038605 0.375915706157684 0.370493680238724 0.364276081323624 0.356636166572571 0.346377491950989 0.338628977537155 0.338545292615891 0.343502759933472 0.347062349319458 0.350971221923828 0.354745090007782 0.357911914587021 0.360615313053131 0.362763851881027 0.367794930934906 0.372999489307404
0.419669717550278 0.420507967472076 0.421279758214951 0.421651065349579 0.421718776226044 0.421567142009735 0.421247214078903 0.420788794755936 0.420209169387817 0.4195177257061 0.418718814849854 0.417813360691071 0.416799575090408 0.415673702955246 0.414430171251297 0.413061827421188 0.411559909582138 0.4099141061306 0.408112376928329 0.406140923500061 0.403983801603317 0.401622861623764 0.399037420749664 0.396204471588135 0.393099993467331 0.38970348238945 0.386002779006958 0.381926566362381 0.377144902944565 0.371724456548691 0.365823984146118 0.35874006152153 0.348401546478271 0.347572267055511 0.342120766639709 0.320727378129959 0.34314176440239 0.350746244192123 0.356738150119781 0.360804289579391 0.363983601331711 0.367454081773758 0.372395485639572 0.376998394727707
0.4114910364151 0.418979674577713 0.420960813760757 0.421734422445297 0.421983242034912 0.421929806470871 0.421671181917191 0.421255826950073 0.42070946097374 0.420045763254166 0.419271439313889 0.41838863492012 0.417396426200867 0.416291564702988 0.415068775415421 0.413721203804016 0.412240266799927 0.410615861415863 0.408836215734482 0.406887739896774 0.404754877090454 0.402419656515121 0.399861454963684 0.397056668996811 0.393980711698532 0.390620082616806 0.387044757604599 0.383923918008804 0.378549844026566 0.372168362140656 0.366347789764404 0.3600172996521 0.339235723018646 0.347405225038528 0.341572999954224 0.343458354473114 0.337062835693359 0.351691961288452 0.351717203855515 0.36155441403389 0.364709585905075 0.367744982242584 0.375383496284485 0.380205094814301
0.408931970596313 0.418415814638138 0.420995682477951 0.422006368637085 0.422368377447128 0.422379851341248 0.422164916992188 0.421783000230789 0.421264857053757 0.420626640319824 0.419876337051392 0.419016867876053 0.41804775595665 0.416965961456299 0.415766447782516 0.414442360401154 0.412985235452652 0.411384880542755 0.40962952375412 0.407705515623093 0.40559720993042 0.4032863676548 0.400751262903214 0.397965252399445 0.394895136356354 0.391503244638443 0.387785941362381 0.384082794189453 0.377277791500092 0.37058961391449 0.36370462179184 0.359536468982697 0.350951552391052 0.348260998725891 0.343208193778992 0.337061673402786 0.351454854011536 0.349957376718521 0.357269406318665 0.364260584115982 0.364771664142609 0.36892181634903 0.377891004085541 0.382925003767014
0.413587629795074 0.419315218925476 0.42156594991684 0.422534584999084 0.422901839017868 0.422929495573044 0.422734051942825 0.422372967004776 0.421876460313797 0.421260565519333 0.420533210039139 0.419697403907776 0.418752610683441 0.417695790529251 0.416521847248077 0.415223807096481 0.413792997598648 0.412218987941742 0.410489648580551 0.408590912818909 0.406506657600403 0.404218018054962 0.401702076196671 0.398928940296173 0.395854711532593 0.392404109239578 0.388411343097687 0.383312612771988 0.374433428049088 0.368438482284546 0.35492867231369 0.35919001698494 0.358786880970001 0.355525076389313 0.356078892946243 0.357442945241928 0.359039187431335 0.357318788766861 0.36187618970871 0.366439789533615 0.368767499923706 0.373454928398132 0.379799753427505 0.38494884967804
0.415844649076462 0.42092302441597 0.42255762219429 0.423294514417648 0.423576444387436 0.423575848340988 0.42337691783905 0.423024415969849 0.42254301905632 0.421946257352829 0.42124080657959 0.420428872108459 0.419509619474411 0.418479651212692 0.417333573102951 0.416064113378525 0.414662092924118 0.413116604089737 0.411414742469788 0.409541547298431 0.407479912042618 0.405210107564926 0.402708739042282 0.399945437908173 0.396874308586121 0.393411755561829 0.389378130435944 0.384326815605164 0.376376688480377 0.36966136097908 0.358859449625015 0.358156025409698 0.355500042438507 0.356201767921448 0.35807940363884 0.363034635782242 0.366384506225586 0.368808299303055 0.371326625347137 0.37139043211937 0.366398751735687 0.370310455560684 0.377558618783951 0.383918672800064
0.421817302703857 0.422949999570847 0.423768639564514 0.424203485250473 0.424357354640961 0.424302726984024 0.424085050821304 0.423732280731201 0.423261135816574 0.42268118262291 0.421996921300888 0.421209424734116 0.420317053794861 0.419315934181213 0.418200135231018 0.416961908340454 0.415591418743134 0.414076805114746 0.41240394115448 0.410556256771088 0.408514648675919 0.406257748603821 0.403761714696884 0.400999307632446 0.397934019565582 0.39450415968895 0.390588521957397 0.385946869850159 0.380174368619919 0.372792899608612 0.366971135139465 0.358724057674408 0.348337680101395 0.348386317491531 0.352444708347321 0.365797072649002 0.371137797832489 0.374795764684677 0.377725929021835 0.379913121461868 0.381804466247559 0.383694350719452 0.385107696056366 0.38881903886795
0.424327880144119 0.424654841423035 0.424980193376541 0.425169289112091 0.425201058387756 0.425087869167328 0.424846112728119 0.424489080905914 0.42402583360672 0.423461645841599 0.422798693180084 0.422036617994308 0.421172797679901 0.420202732086182 0.419119954109192 0.417915999889374 0.416580200195312 0.415099442005157 0.413457721471786 0.411635726690292 0.409610658884048 0.4073566198349 0.404846549034119 0.40205579996109 0.398964494466782 0.395549595355988 0.391759723424911 0.387487292289734 0.382408201694489 0.375134348869324 0.369826644659042 0.36072164773941 0.354396402835846 0.354623228311539 0.357292592525482 0.36807969212532 0.374466449022293 0.379057288169861 0.382678002119064 0.385536283254623 0.38755989074707 0.39059841632843 0.394325017929077 0.398011475801468
0.425881803035736 0.425993263721466 0.426095634698868 0.426131635904312 0.42607244849205 0.42591056227684 0.425647348165512 0.425286531448364 0.424831300973892 0.424283355474472 0.423642665147781 0.422907501459122 0.422074317932129 0.42113795876503 0.420091301202774 0.418925195932388 0.417627990245819 0.416185140609741 0.41457810997963 0.412783592939377 0.410772085189819 0.408507198095322 0.405948013067245 0.403059870004654 0.399834632873535 0.396310061216354 0.392496675252914 0.388441115617752 0.384249210357666 0.379000574350357 0.364869296550751 0.363292336463928 0.346958458423615 0.359508454799652 0.354393184185028 0.368672341108322 0.376678586006165 0.382331371307373 0.386725813150406 0.390121310949326 0.391078263521194 0.39546000957489 0.400573939085007 0.404392212629318
0.427095711231232 0.427119344472885 0.427118271589279 0.427068531513214 0.426951050758362 0.426755607128143 0.426477998495102 0.42611688375473 0.425671756267548 0.425141721963882 0.424525052309036 0.423818856477737 0.42301881313324 0.422119110822678 0.42111212015152 0.419988095760345 0.418734461069107 0.41733506321907 0.415768802165985 0.414007157087326 0.412010729312897 0.409723281860352 0.407064110040665 0.403934895992279 0.400276869535446 0.396138370037079 0.39191210269928 0.386823207139969 0.384860128164291 0.381578534841537 0.375607043504715 0.368992447853088 0.361216634511948 0.363609433174133 0.358746320009232 0.367148458957672 0.377603471279144 0.384901523590088 0.39024356007576 0.394427001476288 0.398013174533844 0.401969999074936 0.406328529119492 0.410520881414413
0.428147852420807 0.428126305341721 0.42807400226593 0.427978545427322 0.42782798409462 0.427613645792007 0.427329957485199 0.426973521709442 0.426541775465012 0.426032215356827 0.425441950559616 0.424767196178436 0.424003064632416 0.423143357038498 0.422179996967316 0.421102851629257 0.419898688793182 0.418550252914429 0.417034029960632 0.415316671133041 0.413347750902176 0.411043912172318 0.408246457576752 0.40456959605217 0.39968466758728 0.379294097423553 0.392761588096619 0.38921982049942 0.387612491846085 0.383890599012375 0.377627581357956 0.367950350046158 0.364180207252502 0.365485668182373 0.303884357213974 0.353553801774979 0.376263111829758 0.387223541736603 0.393476366996765 0.398219853639603 0.402506828308105 0.406932592391968 0.411801427602768 0.417221307754517
0.429105877876282 0.429061442613602 0.428984254598618 0.428866654634476 0.428700655698776 0.42847940325737 0.428197592496872 0.427851140499115 0.42743656039238 0.426950484514236 0.426389336585999 0.42574879527092 0.42502361536026 0.424207359552383 0.423291832208633 0.422266781330109 0.421118885278702 0.41983038187027 0.41837677359581 0.416722029447556 0.414808362722397 0.412531435489655 0.409667193889618 0.405535519123077 0.39397931098938 0.399238735437393 0.397359609603882 0.394483327865601 0.390939265489578 0.386009365320206 0.378138661384583 0.351741671562195 0.364920973777771 0.367253869771957 0.362458169460297 0.365425050258636 0.379529476165771 0.39047572016716 0.396625190973282 0.401446253061295 0.406010657548904 0.410947650671005 0.416791766881943 0.424634128808975
0.430003583431244 0.42995011806488 0.429863452911377 0.429738283157349 0.429568946361542 0.429350048303604 0.429076939821243 0.428745478391647 0.428351879119873 0.427892476320267 0.427363276481628 0.426759779453278 0.426076591014862 0.425307244062424 0.424443781375885 0.423476129770279 0.422391414642334 0.421172529459 0.419795840978622 0.418226480484009 0.416407942771912 0.414233952760696 0.41144734621048 0.407035917043686 0.403658926486969 0.403063207864761 0.400863021612167 0.397772997617722 0.393720716238022 0.38812717795372 0.379934281110764 0.3617844581604 0.366547644138336 0.373668521642685 0.377570390701294 0.382097065448761 0.388369113206863 0.394544035196304 0.399530827999115 0.403948962688446 0.408470869064331 0.413896530866623 0.42079696059227 0.430586814880371
0.430860668420792 0.430807173252106 0.430720776319504 0.430597603321075 0.430433422327042 0.430223941802979 0.429965078830719 0.429653018712997 0.429284006357193 0.428854286670685 0.428359836339951 0.427796065807343 0.427157759666443 0.426438629627228 0.425631105899811 0.424725770950317 0.423710703849792 0.422570437192917 0.421284019947052 0.419821798801422 0.418138086795807 0.416153252124786 0.413690149784088 0.410168617963791 0.407533705234528 0.406365245580673 0.403970062732697 0.400736749172211 0.396438479423523 0.390364974737167 0.379956960678101 0.33192303776741 0.37459608912468 0.382083386182785 0.386309385299683 0.389975428581238 0.39384862780571 0.397840201854706 0.401652276515961 0.40532574057579 0.409224897623062 0.41471204161644 0.420375108718872 0.432987421751022
0.431689232587814 0.431641727685928 0.431562095880508 0.431447505950928 0.431294560432434 0.43109980225563 0.430859684944153 0.430570751428604 0.430229485034943 0.429832190275192 0.429374992847443 0.42885348200798 0.428262650966644 0.427596628665924 0.426848411560059 0.426009505987167 0.425069332122803 0.424014627933502 0.42282834649086 0.421487838029861 0.419962584972382 0.418211042881012 0.416185855865479 0.413915485143661 0.411715686321259 0.409566313028336 0.406998217105865 0.403722435235977 0.399329990148544 0.392903953790665 0.382735460996628 0.370313048362732 0.377599239349365 0.386976271867752 0.391291558742523 0.394101351499557 0.396757572889328 0.399591028690338 0.402456521987915 0.405110895633698 0.406863987445831 0.40929326415062 0.421016871929169 0.430335909128189
0.432496786117554 0.432459354400635 0.432391107082367 0.432289689779282 0.432152420282364 0.431976407766342 0.431758612394333 0.431495904922485 0.431185007095337 0.430822551250458 0.430404841899872 0.429927706718445 0.429386556148529 0.42877596616745 0.428089678287506 0.427320182323456 0.426458477973938 0.425493657588959 0.424412488937378 0.423198848962784 0.421834170818329 0.420299589633942 0.418586105108261 0.416715443134308 0.414726942777634 0.4125617146492 0.410030454397202 0.406865835189819 0.402595341205597 0.395869493484497 0.378680288791656 0.38169527053833 0.382229506969452 0.391028732061386 0.394548386335373 0.395503044128418 0.397013932466507 0.399161159992218 0.401360690593719 0.402920424938202 0.402165532112122 0.405301809310913 0.420548170804977 0.429444938898087
