inputs/inputs_scenarios/2021_03_17_uganda/inputs/vector.asc
NCOLS 131 
NROWS 137 
XLLCORNER 29.5416666672846 
YLLCORNER -1.48333333266649 
CELLSIZE 0.0416666666671355 
NODATA_value -3.4e+38 
[rows 100 to 119 of 137, columns 44 to 87 of 131]
0.514844536781311 0.518101930618286 0.52309513092041 0.526350200176239 0.534467279911041 0.540262281894684 0.544566750526428 0.548055231571198 0.551398575305939 0.554195642471313 0.555919885635376 0.55819708108902 0.56095415353775 0.563933491706848 0.566414475440979 0.56575870513916 0.564202725887299 0.57008945941925 0.580778300762177 0.587558090686798 0.593995332717896 0.602300584316254 0.610648036003113 0.619859516620636 0.629625141620636 0.639924883842468 0.645468294620514 0.644770383834839 0.64070463180542 0.637435615062714 0.634184718132019 0.631583333015442 0.629660308361053 0.627896189689636 0.625626385211945 0.622570216655731 0.618910610675812 0.614804267883301 0.610211789608002 0.605098724365234 0.599561154842377 0.593773007392883 0.587899029254913 0.582061231136322
0.515049934387207 0.519736289978027 0.524107456207275 0.528717458248138 0.537791669368744 0.543979346752167 0.548103213310242 0.550769865512848 0.554321706295013 0.561999142169952 0.556079387664795 0.557704269886017 0.560071706771851 0.563032925128937 0.5672327876091 0.570766270160675 0.570383310317993 0.572222411632538 0.579607605934143 0.585658609867096 0.59157007932663 0.597889840602875 0.604534029960632 0.611401796340942 0.618190467357635 0.624179899692535 0.628048956394196 0.629070520401001 0.628105700016022 0.626384079456329 0.624420881271362 0.622500777244568 0.620678067207336 0.618775486946106 0.616542100906372 0.613831996917725 0.610643625259399 0.607017934322357 0.60297292470932 0.598533451557159 0.593767166137695 0.588777184486389 0.583672702312469 0.578548729419708
0.511457026004791 0.515419125556946 0.527048051357269 0.53623628616333 0.544211864471436 0.552394807338715 0.554737150669098 0.554464995861053 0.55463832616806 0.555949926376343 0.556098639965057 0.556000053882599 0.558549880981445 0.561564803123474 0.564848840236664 0.567676484584808 0.570252358913422 0.573803544044495 0.578291118144989 0.583122730255127 0.588109374046326 0.593284249305725 0.598587930202484 0.603862881660461 0.608825206756592 0.613025784492493 0.615944802761078 0.617336452007294 0.617445051670074 0.616733074188232 0.615564823150635 0.614156246185303 0.612581551074982 0.61079865694046 0.608716309070587 0.606265068054199 0.603424489498138 0.600205183029175 0.596628606319427 0.592728674411774 0.58855926990509 0.58419132232666 0.579702317714691 0.575165212154388
0.513151526451111 0.518662989139557 0.527859508991241 0.544816493988037 0.57848048210144 0.577422082424164 0.569048047065735 0.559664666652679 0.558027446269989 0.56026953458786 0.556390106678009 0.554261326789856 0.55648273229599 0.558915495872498 0.562984764575958 0.566324353218079 0.569358348846436 0.572649359703064 0.576335787773132 0.580316185951233 0.584479749202728 0.588753879070282 0.593044817447662 0.59720504283905 0.601022779941559 0.604234278202057 0.60659259557724 0.607984185218811 0.608485996723175 0.608292996883392 0.607605338096619 0.606566548347473 0.605247020721436 0.603654980659485 0.60176557302475 0.599552512168884 0.597005724906921 0.594132244586945 0.590952038764954 0.587496519088745 0.583809196949005 0.579943478107452 0.575957417488098 0.571907997131348
0.515886247158051 0.519692838191986 0.530616581439972 0.549144268035889 0.635940730571747 0.585940897464752 0.592298030853271 0.563949823379517 0.558773815631866 0.558650255203247 0.556170642375946 0.553560376167297 0.553890466690063 0.552970945835114 0.561820030212402 0.56518292427063 0.568015396595001 0.570923745632172 0.574052572250366 0.577391266822815 0.580874979496002 0.584423542022705 0.587939262390137 0.591297388076782 0.594345927238464 0.596921682357788 0.598887026309967 0.600174307823181 0.600805044174194 0.600865662097931 0.600461661815643 0.599681913852692 0.598581969738007 0.597184836864471 0.595493018627167 0.593503057956696 0.591216087341309 0.588642001152039 0.585799634456635 0.582716822624207 0.57942920923233 0.575978815555573 0.572411179542542 0.568771660327911
0.519196927547455 0.52343076467514 0.532059907913208 0.543018579483032 0.554660797119141 0.567062079906464 0.594380259513855 0.567508816719055 0.556050896644592 0.555322468280792 0.55459064245224 0.534078896045685 0.557202279567719 0.559781432151794 0.562094330787659 0.564391791820526 0.566649258136749 0.56904923915863 0.571657299995422 0.574451327323914 0.5773686170578 0.580329358577728 0.583241879940033 0.586002886295319 0.588500440120697 0.590625286102295 0.592289566993713 0.593445658683777 0.594093441963196 0.594270467758179 0.594031870365143 0.593430876731873 0.592507541179657 0.59128600358963 0.589778780937195 0.587993323802948 0.585937798023224 0.583625018596649 0.581073403358459 0.578307390213013 0.575356841087341 0.572256028652191 0.56904149055481 0.565750181674957
0.520426452159882 0.524845898151398 0.53063291311264 0.537442982196808 0.54421991109848 0.551508069038391 0.569591343402863 0.551481246948242 0.549842655658722 0.553877413272858 0.566574394702911 0.596645355224609 0.562715649604797 0.561683714389801 0.562705457210541 0.563920676708221 0.56536477804184 0.567149817943573 0.569239139556885 0.571548104286194 0.573986947536469 0.576467871665955 0.578903615474701 0.581206440925598 0.583289563655853 0.585073888301849 0.586496889591217 0.587521195411682 0.588137447834015 0.588359832763672 0.588216423988342 0.587738513946533 0.586953580379486 0.585882365703583 0.584539711475372 0.58293741941452 0.581087172031403 0.579003214836121 0.576703369617462 0.574209332466125 0.571546614170074 0.568743646144867 0.565830528736115 0.562837660312653
0.520212888717651 0.523960411548615 0.528306782245636 0.533028841018677 0.53743177652359 0.540179073810577 0.550487577915192 0.538782179355621 0.538165986537933 0.551104128360748 0.554359614849091 0.561675548553467 0.562442719936371 0.563730001449585 0.564429879188538 0.563865721225739 0.564124882221222 0.565214812755585 0.566807627677917 0.568691372871399 0.570728957653046 0.572818338871002 0.574873447418213 0.57681679725647 0.578577816486359 0.580094873905182 0.581319868564606 0.582221448421478 0.582786440849304 0.583017468452454 0.582927525043488 0.582534790039062 0.58185750246048 0.580912113189697 0.579712629318237 0.578271746635437 0.576602280139923 0.574718713760376 0.572637796401978 0.57037889957428 0.56796407699585 0.565417289733887 0.562763750553131 0.560028910636902
0.519189178943634 0.52221804857254 0.525520026683807 0.528915822505951 0.532262206077576 0.535498023033142 0.535984039306641 0.544712603092194 0.563054382801056 0.559657454490662 0.560412883758545 0.559197783470154 0.560364663600922 0.571475625038147 0.57253885269165 0.564000189304352 0.562672317028046 0.563139498233795 0.564326345920563 0.56586617231369 0.567579567432404 0.569353878498077 0.571104884147644 0.572762966156006 0.574268400669098 0.575571060180664 0.576631605625153 0.57742303609848 0.577930927276611 0.578151881694794 0.578090786933899 0.57775753736496 0.577164232730865 0.576323270797729 0.575246691703796 0.573946595191956 0.57243549823761 0.570727169513702 0.568837106227875 0.566782534122467 0.564582586288452 0.562257826328278 0.559829473495483 0.557319104671478
0.51747053861618 0.519691705703735 0.522147238254547 0.523854672908783 0.525558650493622 0.525834798812866 0.516340136528015 0.528895437717438 0.576037704944611 0.651303052902222 0.588317155838013 0.565390229225159 0.561920166015625 0.568818151950836 0.569346487522125 0.562031984329224 0.560554563999176 0.560800909996033 0.561754286289215 0.56305330991745 0.564521014690399 0.566048860549927 0.567559063434601 0.568989992141724 0.570290684700012 0.571419179439545 0.572342574596405 0.573037266731262 0.573488771915436 0.573690950870514 0.573644042015076 0.573353111743927 0.572825789451599 0.572071313858032 0.571099758148193 0.569921731948853 0.568548798561096 0.566993594169617 0.565270125865936 0.563393771648407 0.561381042003632 0.559249699115753 0.557017922401428 0.554704010486603
0.51474666595459 0.513538539409637 0.518538475036621 0.509756088256836 0.52160507440567 0.516560852527618 0.513173580169678 0.534484148025513 0.575190246105194 0.577766299247742 0.580073475837708 0.563856244087219 0.559275150299072 0.559248685836792 0.559187948703766 0.558130741119385 0.557776749134064 0.5581955909729 0.559088170528412 0.56024706363678 0.561541557312012 0.562882900238037 0.5642049908638 0.565455615520477 0.566591739654541 0.567578196525574 0.568387150764465 0.568998038768768 0.569397151470184 0.569577157497406 0.569536030292511 0.569275617599487 0.568800747394562 0.568118214607239 0.567236125469208 0.566163659095764 0.564911067485809 0.563489675521851 0.561911880970001 0.56019127368927 0.558342337608337 0.556380331516266 0.554320871829987 0.552179753780365
0.499029278755188 0.510343194007874 0.518253684043884 0.520740389823914 0.514208018779755 0.524039626121521 0.525897145271301 0.527429163455963 0.565574169158936 0.576584458351135 0.563097596168518 0.557046890258789 0.554684937000275 0.554199814796448 0.554284334182739 0.554425120353699 0.554779052734375 0.555445194244385 0.55636864900589 0.557459652423859 0.55863893032074 0.559842765331268 0.561019837856293 0.562127888202667 0.56313169002533 0.56400203704834 0.564715683460236 0.565254747867584 0.565606772899628 0.565764367580414 0.565724074840546 0.565486192703247 0.565053582191467 0.564431190490723 0.563625454902649 0.562644243240356 0.561496317386627 0.560191810131073 0.558741569519043 0.557157456874847 0.555452167987823 0.553638935089111 0.551731288433075 0.549742698669434
0.514609217643738 0.51789528131485 0.518625915050507 0.530191957950592 0.52087128162384 0.518315553665161 0.52792364358902 0.538017630577087 0.54436206817627 0.54702490568161 0.550514996051788 0.550063669681549 0.549782633781433 0.549992501735687 0.550484299659729 0.551096081733704 0.551817953586578 0.55267333984375 0.553650975227356 0.554713785648346 0.555817902088165 0.556921541690826 0.557987451553345 0.558983027935028 0.559880316257477 0.560655772686005 0.56129002571106 0.561767935752869 0.562078595161438 0.562214851379395 0.562172889709473 0.56195205450058 0.56155389547348 0.560982048511505 0.56024169921875 0.559339344501495 0.558282613754272 0.557080268859863 0.555741786956787 0.55427759885788 0.55269867181778 0.551016569137573 0.549242973327637 0.547389566898346
0.516042470932007 0.521612405776978 0.544600963592529 0.552080094814301 0.512949109077454 0.499279081821442 0.509797215461731 0.527652680873871 0.534222006797791 0.539348244667053 0.542489349842072 0.544161140918732 0.545232474803925 0.546164989471436 0.547085106372833 0.548013210296631 0.548964262008667 0.549953162670135 0.550980746746063 0.552032887935638 0.553086817264557 0.554116666316986 0.555096745491028 0.556003212928772 0.556814610958099 0.557512223720551 0.55808037519455 0.558506488800049 0.558781147003174 0.558897912502289 0.558853089809418 0.558645367622375 0.558275640010834 0.557746589183807 0.557062327861786 0.556228339672089 0.555251061916351 0.554138123989105 0.552897751331329 0.551539063453674 0.550071597099304 0.548505306243896 0.546850442886353 0.545117139816284
0.515133321285248 0.520266890525818 0.527260541915894 0.523235440254211 0.515275657176971 0.496984273195267 0.502701938152313 0.516723453998566 0.526186943054199 0.532909870147705 0.536872506141663 0.539437353610992 0.541256368160248 0.542702853679657 0.543964266777039 0.545127987861633 0.546239137649536 0.547322750091553 0.54838901758194 0.549436151981354 0.550453901290894 0.5514275431633 0.55234032869339 0.553175389766693 0.553916871547699 0.554550230503082 0.555063128471375 0.555445313453674 0.555688858032227 0.555788218975067 0.555739939212799 0.555542588233948 0.555196642875671 0.554704010486603 0.554068088531494 0.553293406963348 0.55238550901413 0.551350891590118 0.550196826457977 0.548931062221527 0.547562003135681 0.546098291873932 0.544548869132996 0.542922496795654
0.512840926647186 0.517135739326477 0.568911492824554 0.532849371433258 0.526233196258545 0.507952690124512 0.50922030210495 0.507587552070618 0.521426975727081 0.528540432453156 0.532748937606812 0.535671710968018 0.537861466407776 0.539615392684937 0.541106581687927 0.542434215545654 0.543655633926392 0.544803857803345 0.54589581489563 0.546937167644501 0.54792582988739 0.548854351043701 0.549712717533112 0.55048942565918 0.551173090934753 0.551752984523773 0.552219331264496 0.552564084529877 0.55278080701828 0.552864670753479 0.552812814712524 0.552623808383942 0.55229777097702 0.551836311817169 0.551242172718048 0.550519108772278 0.549671828746796 0.548705995082855 0.547627866268158 0.546444118022919 0.54516214132309 0.543789446353912 0.542333781719208 0.540802896022797
0.51094388961792 0.510429739952087 0.51337993144989 0.531336724758148 0.49885031580925 0.502305805683136 0.493675887584686 0.511590003967285 0.520343899726868 0.525776505470276 0.529697775840759 0.532654702663422 0.53497987985611 0.536884486675262 0.538505971431732 0.539933204650879 0.54122257232666 0.542409121990204 0.543513298034668 0.54454505443573 0.54550713300705 0.546397149562836 0.547209560871124 0.547937273979187 0.548572361469269 0.549106895923615 0.549533605575562 0.549846231937408 0.550039529800415 0.55010974407196 0.550054311752319 0.549871981143951 0.549562871456146 0.549128174781799 0.548570156097412 0.547892034053802 0.54709792137146 0.546192467212677 0.545181214809418 0.544070065021515 0.542865216732025 0.541573405265808 0.540201306343079 0.538755655288696
0.546539962291718 0.497203528881073 0.487569034099579 0.492841809988022 0.500894546508789 0.502149224281311 0.506028056144714 0.513254523277283 0.519327521324158 0.523838698863983 0.527369916439056 0.530202925205231 0.532524764537811 0.534473061561584 0.536148309707642 0.537621915340424 0.53894317150116 0.540145099163055 0.541248381137848 0.542264938354492 0.543200254440308 0.544055104255676 0.544827222824097 0.54551237821579 0.546105444431305 0.546600818634033 0.546993255615234 0.547277867794037 0.547450661659241 0.547508537769318 0.54744952917099 0.547272622585297 0.546977818012238 0.546566128730774 0.546039521694183 0.545400679111481 0.544653058052063 0.54380077123642 0.542848587036133 0.541801571846008 0.540665209293365 0.539445281028748 0.538147687911987 0.536778330802917
0.484238266944885 0.486165046691895 0.478979408740997 0.469810217618942 0.495521754026413 0.503952920436859 0.50921905040741 0.514121413230896 0.518566071987152 0.52234560251236 0.525510013103485 0.528165280818939 0.530411958694458 0.532337188720703 0.534012019634247 0.535491347312927 0.536815524101257 0.538013160228729 0.53910356760025 0.54009884595871 0.541005671024323 0.541826725006104 0.542561829090118 0.543208837509155 0.543764650821686 0.544225513935089 0.5445876121521 0.544847369194031 0.545001864433289 0.545048594474792 0.544986009597778 0.544813334941864 0.544530630111694 0.544138729572296 0.543639361858368 0.543034791946411 0.542328000068665 0.54152250289917 0.540622472763062 0.539632320404053 0.538556754589081 0.537400841712952 0.536169767379761 0.534868717193604
0.455894857645035 0.485955744981766 0.483717769384384 0.481862634420395 0.492386639118195 0.502908289432526 0.509383380413055 0.513936698436737 0.51776397228241 0.521081387996674 0.523952722549438 0.526429355144501 0.528570055961609 0.530433833599091 0.532072603702545 0.533528327941895 0.534833133220673 0.536010801792145 0.537078142166138 0.538046360015869 0.538922369480133 0.539709746837616 0.540409624576569 0.541021347045898 0.541543245315552 0.541972815990448 0.542307615280151 0.542544960975647 0.542682766914368 0.542719066143036 0.542652785778046 0.542483329772949 0.542210817337036 0.541835963726044 0.541360199451447 0.540785551071167 0.54011458158493 0.539350390434265 0.538496434688568 0.537556648254395 0.536535084247589 0.535436272621155 0.53426456451416 0.533024609088898
