inputs/inputs_scenarios/2021_03_18_nigeria_region/inputs/vector.asc
NCOLS 535 
NROWS 277 
XLLCORNER -3.70833333308955 
YLLCORNER 3.76666666737855 
CELLSIZE 0.0416666666671355 
NODATA_value -3.4e+38 
[rows 140 to 159 of 277, columns 176 to 219 of 535]
0.27774640917778 0.277941852807999 0.278137296438217 0.278333425521851 0.278530716896057 0.278729647397995 0.278930366039276 0.279132872819901 0.279336899518967 0.279541969299316 0.279747486114502 0.279952734708786 0.280156910419464 0.280359238386154 0.280559033155441 0.280755668878555 0.280948847532272 0.28113853931427 0.281325131654739 0.28150936961174 0.281692355871201 0.281875342130661 0.282059460878372 0.282245546579361 0.28243425488472 0.2826267182827 0.282825917005539 0.28303861618042 0.283276796340942 0.283556073904037 0.283889770507812 0.284281253814697 0.284721612930298 0.285194873809814 0.285685837268829 0.286184042692184 0.286683797836304 0.287182837724686 0.287680715322495 0.288177728652954 0.288674473762512 0.289171308279037 0.289668440818787 0.290165662765503
0.276910305023193 0.277082860469818 0.277258157730103 0.277436912059784 0.277619779109955 0.277807116508484 0.277999013662338 0.278195291757584 0.278395503759384 0.278598994016647 0.278804957866669 0.279012411832809 0.279220461845398 0.27942818403244 0.279634684324265 0.279839366674423 0.280041754245758 0.280241668224335 0.28043931722641 0.280635178089142 0.280830085277557 0.281025052070618 0.281221240758896 0.281419992446899 0.281622886657715 0.281832188367844 0.282051593065262 0.282286763191223 0.282545506954193 0.28283628821373 0.283165812492371 0.283535808324814 0.283942490816116 0.284378230571747 0.284834712743759 0.285305142402649 0.285784780979156 0.286270886659622 0.286761999130249 0.287257373332977 0.287756472826004 0.288258850574493 0.288763910531998 0.289270848035812
0.276033103466034 0.276182353496552 0.276337027549744 0.276498198509216 0.276666551828384 0.276842504739761 0.27702608704567 0.277216911315918 0.277414321899414 0.277617335319519 0.277824819087982 0.27803561091423 0.278248459100723 0.27846223115921 0.278675884008408 0.278888583183289 0.279099643230438 0.279308706521988 0.279515743255615 0.279720991849899 0.279925107955933 0.280128985643387 0.280333817005157 0.280541181564331 0.28075310587883 0.280972272157669 0.281202286481857 0.281447798013687 0.281714260578156 0.282007098197937 0.282330274581909 0.282685279846191 0.28307056427002 0.283482491970062 0.283916503190994 0.284368246793747 0.284834265708923 0.285312056541443 0.285799771547318 0.286296129226685 0.286799937486649 0.287310063838959 0.28782531619072 0.288344293832779
0.275109529495239 0.275234341621399 0.27536752820015 0.275510460138321 0.275664120912552 0.275828957557678 0.276004910469055 0.276191383600235 0.276387333869934 0.276591420173645 0.276802062988281 0.277017682790756 0.277236759662628 0.277457773685455 0.277679443359375 0.277900576591492 0.278120338916779 0.278338044881821 0.278553396463394 0.278766483068466 0.278977692127228 0.279187828302383 0.279398113489151 0.279610246419907 0.279826372861862 0.280049383640289 0.280282735824585 0.280530482530594 0.280796974897385 0.281086325645447 0.281401604413986 0.281744360923767 0.282114386558533 0.282510101795197 0.282929062843323 0.283368617296219 0.283826321363449 0.284299999475479 0.284787863492966 0.285288274288177 0.28579968214035 0.286320477724075 0.286848843097687 0.287382811307907
0.274133086204529 0.27423158288002 0.274341732263565 0.274465382099152 0.27460390329361 0.274757921695709 0.274927258491516 0.275110960006714 0.275307446718216 0.275514751672745 0.275730788707733 0.275953441858292 0.27618071436882 0.276410728693008 0.276641815900803 0.276872515678406 0.277101546525955 0.277327954769135 0.277551174163818 0.27777099609375 0.277987629175186 0.278201729059219 0.278414487838745 0.278627634048462 0.278843492269516 0.279064983129501 0.279295653104782 0.279539376497269 0.279800266027451 0.280082017183304 0.280387580394745 0.280718863010406 0.281076550483704 0.281460255384445 0.28186884522438 0.282300800085068 0.282754391431808 0.283227801322937 0.2837193608284 0.284227281808853 0.284749746322632 0.285284698009491 0.285829782485962 0.286382526159286
0.273095726966858 0.273165017366409 0.273249685764313 0.273352414369583 0.273475080728531 0.273618668317795 0.273782849311829 0.273966073989868 0.2741659283638 0.274379581212997 0.274604141712189 0.274836778640747 0.275075048208237 0.275316566228867 0.27555924654007 0.275801181793213 0.276040732860565 0.276276558637619 0.276507705450058 0.276733666658401 0.276954412460327 0.277170449495316 0.27738282084465 0.277593344449997 0.277804434299469 0.27801924943924 0.278241544961929 0.27847558259964 0.278725683689117 0.27899581193924 0.279289305210114 0.279608517885208 0.279954850673676 0.280328750610352 0.280729979276657 0.281157672405243 0.281610608100891 0.282087326049805 0.282586187124252 0.283105373382568 0.283642828464508 0.28419616818428 0.284762561321259 0.28533872961998
0.27198737859726 0.272023141384125 0.272078603506088 0.27215763926506 0.272263258695602 0.272396981716156 0.272558242082596 0.272744536399841 0.272952049970627 0.273176491260529 0.273413836956024 0.27366054058075 0.273913502693176 0.274169921875 0.274427205324173 0.274682998657227 0.274935096502304 0.275181740522385 0.275421530008316 0.275653541088104 0.275877445936203 0.276093542575836 0.27630278468132 0.276506900787354 0.276708453893661 0.276910990476608 0.27711883187294 0.277336984872818 0.277570635080338 0.277824550867081 0.27810275554657 0.278408199548721 0.278742849826813 0.279107838869095 0.279503524303436 0.279929488897324 0.280384838581085 0.280868262052536 0.281378149986267 0.281912744045258 0.282469838857651 0.283046752214432 0.283640056848526 0.284245669841766
0.270795077085495 0.270790964365005 0.270811378955841 0.270862281322479 0.270948708057404 0.271073371171951 0.271235406398773 0.271430462598801 0.27165213227272 0.271893799304962 0.27214989066124 0.272416025400162 0.272688627243042 0.272964507341385 0.273240566253662 0.273513823747635 0.273781508207321 0.27404123544693 0.274291008710861 0.27452951669693 0.274756044149399 0.274970561265945 0.27517381310463 0.27536740899086 0.275554031133652 0.275737673044205 0.275923609733582 0.276118218898773 0.276328355073929 0.276560217142105 0.276818782091141 0.2771075963974 0.277429163455963 0.277785211801529 0.278176486492157 0.27860289812088 0.279063612222672 0.279557228088379 0.280082195997238 0.280636787414551 0.281218886375427 0.281825631856918 0.282453060150146 0.283095955848694
0.269502013921738 0.269448548555374 0.269424647092819 0.269439697265625 0.269502818584442 0.26961961388588 0.269788861274719 0.270002424716949 0.270248681306839 0.270516991615295 0.270799815654755 0.271092355251312 0.271391034126282 0.271692425012589 0.271992921829224 0.272288739681244 0.272576361894608 0.27285248041153 0.273114562034607 0.273360669612885 0.273589640855789 0.273801118135452 0.27399542927742 0.274173885583878 0.27433905005455 0.274495333433151 0.274649351835251 0.274809896945953 0.274986803531647 0.275188773870468 0.275421947240829 0.275690197944641 0.27599623799324 0.276342421770096 0.276730120182037 0.27715927362442 0.277628600597382 0.278136372566223 0.278680860996246 0.279260545969009 0.279873877763748 0.280518263578415 0.281189203262329 0.281879931688309
0.268086105585098 0.267969161272049 0.26788541674614 0.267850190401077 0.267881333827972 0.267991840839386 0.268180668354034 0.268430799245834 0.268719106912613 0.269027769565582 0.269347816705704 0.269675612449646 0.270008623600006 0.270343631505966 0.270676285028458 0.271001785993576 0.271315366029739 0.271612733602524 0.271890461444855 0.272146046161652 0.272377908229828 0.272585093975067 0.272767424583435 0.272925466299057 0.273061096668243 0.273178607225418 0.273286163806915 0.273396670818329 0.273525804281235 0.273687213659286 0.273888051509857 0.274130642414093 0.274417251348495 0.274751752614975 0.275136828422546 0.275571912527084 0.276054382324219 0.276581197977066 0.277150213718414 0.27776050567627 0.278412014245987 0.279103577136993 0.279830783605576 0.280584394931793
0.26651793718338 0.26631635427475 0.266145884990692 0.266031295061111 0.266009539365768 0.266114681959152 0.26634955406189 0.266673654317856 0.26703479886055 0.267403274774551 0.267772972583771 0.268146514892578 0.268524706363678 0.268904447555542 0.269280225038528 0.26964545249939 0.269993603229523 0.270318984985352 0.27061715722084 0.270885050296783 0.271120697259903 0.271322786808014 0.271490216255188 0.271622121334076 0.271718323230743 0.271781295537949 0.271819800138474 0.271853148937225 0.271910309791565 0.272016704082489 0.272178828716278 0.272389948368073 0.272650063037872 0.272969245910645 0.273354023694992 0.273801237344742 0.274304181337357 0.274857133626938 0.275456637144089 0.276102781295776 0.276799201965332 0.277549475431442 0.278350949287415 0.279190301895142
0.264757037162781 0.264440387487411 0.264135003089905 0.263877987861633 0.263745814561844 0.263837575912476 0.264185905456543 0.264672845602036 0.265162706375122 0.265614092350006 0.266044676303864 0.266476154327393 0.266914695501328 0.267355620861053 0.267790585756302 0.268210172653198 0.268605262041092 0.26896807551384 0.269293189048767 0.269577264785767 0.269818335771561 0.27001491189003 0.270164996385574 0.270265281200409 0.270311117172241 0.270298391580582 0.270230770111084 0.270134776830673 0.270071595907211 0.270104914903641 0.270233005285263 0.270407825708389 0.270622879266739 0.270918130874634 0.271311342716217 0.271784961223602 0.272322446107864 0.272913634777069 0.273551285266876 0.274236500263214 0.274981141090393 0.275802165269852 0.276705205440521 0.277668833732605
0.262743800878525 0.262274235486984 0.261744469404221 0.26120200753212 0.26078262925148 0.260776698589325 0.261463314294815 0.262362837791443 0.263074696063995 0.263617813587189 0.264109581708908 0.264615774154663 0.265140354633331 0.265668630599976 0.266187399625778 0.266683548688889 0.26714363694191 0.267557144165039 0.267917782068253 0.268222779035568 0.268471270799637 0.268662482500076 0.268793761730194 0.268858730792999 0.268844872713089 0.268732279539108 0.26849952340126 0.268158972263336 0.267845690250397 0.267789840698242 0.267954647541046 0.268093019723892 0.268189549446106 0.268439114093781 0.2688829600811 0.269417077302933 0.270016849040985 0.270672291517258 0.271360576152802 0.272081941366196 0.272863477468491 0.273759514093399 0.274810671806335 0.275973975658417
0.260371387004852 0.259735733270645 0.258795112371445 0.257612824440002 0.256412327289581 0.255324393510818 0.257682174444199 0.259768038988113 0.260770469903946 0.261323839426041 0.26184868812561 0.262475401163101 0.263140708208084 0.263799518346786 0.264441221952438 0.265049129724503 0.265601724386215 0.266084283590317 0.266491055488586 0.266822218894958 0.267079949378967 0.267265826463699 0.267378032207489 0.267407715320587 0.267332822084427 0.267106384038925 0.266636878252029 0.265789180994034 0.264702826738358 0.264575183391571 0.265234053134918 0.265338480472565 0.264929503202438 0.265096664428711 0.265843152999878 0.266481786966324 0.26720467209816 0.268001884222031 0.268766582012177 0.269509315490723 0.270266950130463 0.271186202764511 0.272486120462418 0.274032264947891
0.257340669631958 0.256774723529816 0.255040436983109 0.251160800457001 0.25052335858345 0.184045702219009 0.253391265869141 0.257333785295486 0.258272558450699 0.258423686027527 0.258921653032303 0.259891271591187 0.260822087526321 0.261673778295517 0.262504428625107 0.263285845518112 0.263974130153656 0.264550507068634 0.265015423297882 0.265376955270767 0.265644073486328 0.265823364257812 0.265916347503662 0.265915006399155 0.265792012214661 0.265476047992706 0.264776706695557 0.263087093830109 0.2580326795578 0.258185863494873 0.262293189764023 0.262286007404327 0.25877857208252 0.259138882160187 0.261984527111053 0.262211918830872 0.263431698083878 0.264668315649033 0.265542834997177 0.266294687986374 0.266841888427734 0.267297655344009 0.269246101379395 0.271755903959274
0.252036690711975 0.25346913933754 0.252061367034912 0.226010650396347 0.248829200863838 0.250461161136627 0.253721743822098 0.255681216716766 0.255568146705627 0.253430753946304 0.254031598567963 0.256694346666336 0.258035987615585 0.259124577045441 0.260291308164597 0.26137113571167 0.262262940406799 0.262963235378265 0.263496696949005 0.263889282941818 0.264161914587021 0.264329373836517 0.264399826526642 0.264371544122696 0.264223843812943 0.263891309499741 0.263181567192078 0.261416047811508 0.254840850830078 0.255264043807983 0.260695278644562 0.260470986366272 0.252373158931732 0.253745168447495 0.258567690849304 0.24434058368206 0.258275806903839 0.260036587715149 0.261070787906647 0.261844784021378 0.262350618839264 0.255146503448486 0.264153242111206 0.269197136163712
0.200141921639442 0.250870138406754 0.252607524394989 0.251549571752548 0.252361357212067 0.253399699926376 0.254169583320618 0.25451272726059 0.253385186195374 0.243377551436424 0.246340200304985 0.253425776958466 0.254256665706635 0.255599975585938 0.257664680480957 0.259306520223618 0.260491073131561 0.261340826749802 0.261945158243179 0.262362211942673 0.26262953877449 0.262772381305695 0.26280814409256 0.262746691703796 0.262586176395416 0.262301057577133 0.261814624071121 0.260960847139359 0.259784042835236 0.259811133146286 0.260746598243713 0.260688573122025 0.259470760822296 0.25924226641655 0.259101808071136 0.256272107362747 0.256677865982056 0.244240835309029 0.254608124494553 0.249185413122177 0.258379459381104 0.258804947137833 0.261218935251236 0.26616370677948
0.24872013926506 0.252017885446548 0.253579258918762 0.253856509923935 0.253889173269272 0.253733217716217 0.253337413072586 0.253158032894135 0.25275918841362 0.251063019037247 0.25090029835701 0.251034170389175 0.245078131556511 0.249134317040443 0.254663378000259 0.257187843322754 0.258717328310013 0.259714066982269 0.260374575853348 0.260798215866089 0.261039763689041 0.261133760213852 0.26110702753067 0.260983467102051 0.260783970355988 0.260528981685638 0.260254859924316 0.260035157203674 0.259997874498367 0.260293811559677 0.260745167732239 0.260958343744278 0.260891646146774 0.260817587375641 0.260592758655548 0.259935766458511 0.2585129737854 0.254261642694473 0.25587385892868 0.252846151590347 0.259160459041595 0.26163974404335 0.254501014947891 0.263291925191879
0.251853138208389 0.25345054268837 0.254314094781876 0.25453108549118 0.254200428724289 0.25301718711853 0.250122785568237 0.249795794487 0.251966118812561 0.252288430929184 0.251834332942963 0.250104874372482 0.243477299809456 0.245788633823395 0.251944780349731 0.25522181391716 0.257028728723526 0.258117735385895 0.258796602487564 0.25919708609581 0.259381711483002 0.259387046098709 0.259246110916138 0.258996963500977 0.258678436279297 0.258329838514328 0.25805538892746 0.2581707239151 0.258807897567749 0.259604960680008 0.260291010141373 0.260773181915283 0.261067450046539 0.261234074831009 0.261261016130447 0.261083960533142 0.26062998175621 0.260097742080688 0.260202556848526 0.260774731636047 0.262254953384399 0.26363417506218 0.264494985342026 0.268467515707016
0.253328531980515 0.254289895296097 0.254797488451004 0.254839330911636 0.254289776086807 0.252482116222382 0.243705570697784 0.243178948760033 0.251264601945877 0.252189159393311 0.251745223999023 0.250209033489227 0.246005594730377 0.224618569016457 0.249556452035904 0.253639250993729 0.255497634410858 0.25656858086586 0.257211595773697 0.257553249597549 0.257641702890396 0.257497519254684 0.25715035200119 0.256658315658569 0.256075143814087 0.255402684211731 0.254456728696823 0.254471033811569 0.256639331579208 0.258394449949265 0.259512603282928 0.260257869958878 0.260775417089462 0.261142194271088 0.261390775442123 0.26153364777565 0.261606276035309 0.261732488870621 0.262086272239685 0.262746304273605 0.263719081878662 0.264871865510941 0.266295850276947 0.268504112958908
