inputs/inputs_scenarios/2021_03_18_nigeria_region/inputs/vector.asc
NCOLS 535 
NROWS 277 
XLLCORNER -3.70833333308955 
YLLCORNER 3.76666666737855 
CELLSIZE 0.0416666666671355 
NODATA_value -3.4e+38 
[rows 0 to 19 of 277, columns 264 to 307 of 535]
0.361493021249771 0.36178258061409 0.362071514129639 0.362359762191772 0.362647235393524 0.362933874130249 0.363219708204269 0.363504588603973 0.363788545131683 0.364071518182755 0.36435341835022 0.364634275436401 0.36491397023201 0.365192532539368 0.365469932556152 0.365746051073074 0.366020947694778 0.366294533014297 0.366566807031631 0.366837710142136 0.36710724234581 0.367375373840332 0.36764207482338 0.36790731549263 0.368171066045761 0.36843329668045 0.368694007396698 0.368953168392181 0.369210749864578 0.369466751813889 0.369721114635468 0.369973838329315 0.370224893093109 0.370474308729172 0.370721995830536 0.370967954397202 0.371212184429169 0.371454685926437 0.371695399284363 0.371934324502945 0.372171431779861 0.372406750917435 0.37264022231102 0.372871816158295
0.361505687236786 0.361798495054245 0.362090617418289 0.362382024526596 0.362672656774521 0.362962424755096 0.363251328468323 0.363539278507233 0.363826245069504 0.364112168550491 0.364397019147873 0.364680737257004 0.364963322877884 0.365244686603546 0.365524858236313 0.365803718566895 0.366081297397614 0.366357535123825 0.366632431745529 0.366905927658081 0.367177993059158 0.367448598146439 0.367717742919922 0.367985397577286 0.368251532316208 0.368516087532043 0.368779122829437 0.3690405189991 0.369300335645676 0.369558483362198 0.369814991950989 0.370069831609726 0.370322972536087 0.37057438492775 0.370824038982391 0.371071964502335 0.371318131685257 0.371562480926514 0.371805012226105 0.372045755386353 0.37228462100029 0.372521638870239 0.372756749391556 0.372990012168884
0.361520349979401 0.361816465854645 0.362111896276474 0.362406551837921 0.362700402736664 0.362993359565735 0.363285392522812 0.363576471805573 0.36386650800705 0.364155471324921 0.364443302154541 0.364730000495911 0.365015476942062 0.365299731492996 0.365582704544067 0.365864366292953 0.366144686937332 0.366423606872559 0.366701155900955 0.366977244615555 0.36725190281868 0.367525041103363 0.367796689271927 0.368066787719727 0.36833530664444 0.368602246046066 0.368867576122284 0.369131296873093 0.369393348693848 0.369653701782227 0.369912385940552 0.370169341564178 0.370424568653107 0.370678037405014 0.370929718017578 0.371179610490799 0.371427685022354 0.371673941612244 0.371918350458145 0.372160881757736 0.372401505708694 0.372640252113342 0.372877091169357 0.373111963272095
0.361537098884583 0.361836612224579 0.362135410308838 0.362433403730392 0.36273056268692 0.363026797771454 0.363322049379349 0.363616287708282 0.363909482955933 0.364201545715332 0.364492416381836 0.364782124757767 0.365070581436157 0.365357756614685 0.365643590688705 0.365928083658218 0.366211175918579 0.366492867469788 0.366773098707199 0.367051869630814 0.367329120635986 0.367604821920395 0.367878973484039 0.36815157532692 0.368422538042068 0.368691891431808 0.368959575891495 0.369225591421127 0.369489908218384 0.369752526283264 0.370013386011124 0.370272517204285 0.370529860258102 0.370785385370255 0.371039122343063 0.371291011571884 0.371541023254395 0.371789187192917 0.372035473585129 0.372279822826385 0.372522264719009 0.372762769460678 0.373001277446747 0.37323784828186
0.361556053161621 0.361859053373337 0.362161308526993 0.362462729215622 0.362763255834579 0.363062828779221 0.363361388444901 0.363658875226974 0.36395525932312 0.364250481128693 0.36454451084137 0.364837259054184 0.365128755569458 0.365418881177902 0.365707665681839 0.365995019674301 0.366280972957611 0.366565436124802 0.366848409175873 0.367129862308502 0.367409765720367 0.367688059806824 0.367964804172516 0.368239879608154 0.368513345718384 0.368785113096237 0.369055181741714 0.369323551654816 0.369590193033218 0.369855046272278 0.370118141174316 0.370379447937012 0.370638936758041 0.370896577835083 0.371152341365814 0.371406257152557 0.371658265590668 0.371908366680145 0.372156530618668 0.372402727603912 0.372646987438202 0.372889250516891 0.373129516839981 0.373367756605148
0.361577302217484 0.361883908510208 0.362189710140228 0.362494617700577 0.362798601388931 0.363101601600647 0.363403528928757 0.363704353570938 0.364004015922546 0.364302486181259 0.364599674940109 0.364895552396774 0.365190118551254 0.365483283996582 0.365775018930435 0.366065323352814 0.366354137659073 0.36664143204689 0.366927206516266 0.367211371660233 0.367493957281113 0.367774933576584 0.368054240942001 0.368331879377365 0.368607819080353 0.368882060050964 0.369154572486877 0.369425296783447 0.369694262742996 0.369961440563202 0.37022677063942 0.370490282773972 0.370751917362213 0.371011704206467 0.371269553899765 0.371525496244431 0.371779501438141 0.372031569480896 0.372281640768051 0.372529745101929 0.372775822877884 0.373019874095917 0.373261868953705 0.373501807451248
0.361600995063782 0.36191126704216 0.362220704555511 0.362529218196869 0.362836748361588 0.363143265247345 0.363448649644852 0.363752871751785 0.364055871963501 0.364357620477676 0.364658057689667 0.36495715379715 0.365254819393158 0.365551084280014 0.365845859050751 0.366139143705368 0.366430878639221 0.366721034049988 0.367009609937668 0.367296576499939 0.367581874132156 0.36786550283432 0.36814746260643 0.368427693843842 0.368706166744232 0.368982911109924 0.369257837533951 0.369530975818634 0.369802325963974 0.370071798563004 0.370339423418045 0.370605140924454 0.370868980884552 0.371130913496017 0.371390879154205 0.371648877859116 0.371904909610748 0.372158944606781 0.372410953044891 0.372660934925079 0.372908860445023 0.373154729604721 0.37339848279953 0.373640149831772
0.361627221107483 0.361941277980804 0.362254470586777 0.362566649913788 0.36287784576416 0.363187909126282 0.363496840000153 0.363804548978806 0.364110976457596 0.364416092634201 0.364719837903976 0.365022152662277 0.365323036909103 0.36562243103981 0.365920275449753 0.366216599941254 0.366511285305023 0.366804391145706 0.367095828056335 0.367385596036911 0.367673635482788 0.367960005998611 0.368244588375092 0.368527442216873 0.368808478116989 0.369087725877762 0.369365155696869 0.369640737771988 0.369914442300797 0.370186269283295 0.37045618891716 0.370724201202393 0.370990246534348 0.371254324913025 0.371516436338425 0.371776521205902 0.37203460931778 0.372290641069412 0.3725446164608 0.372796505689621 0.373046308755875 0.373293995857239 0.373539537191391 0.373782902956009
0.361656129360199 0.361974090337753 0.362291097640991 0.362607091665268 0.362922012805939 0.363235741853714 0.363548278808594 0.363859564065933 0.364169478416443 0.364478021860123 0.364785134792328 0.365090787410736 0.365394920110703 0.365697503089905 0.365998476743698 0.366297841072083 0.366595566272736 0.366891622543335 0.367185950279236 0.367478579282761 0.367769420146942 0.368058532476425 0.368345826864243 0.368631303310394 0.36891496181488 0.369196742773056 0.369476675987244 0.369754701852798 0.37003082036972 0.37030503153801 0.370577275753021 0.370847553014755 0.371115833520889 0.371382147073746 0.371646404266357 0.371908605098724 0.372168749570847 0.372426807880402 0.372682750225067 0.372936576604843 0.373188257217407 0.373437762260437 0.373685121536255 0.373930245637894
0.361687898635864 0.362009823322296 0.362330794334412 0.362650662660599 0.362969398498535 0.363286912441254 0.363603144884109 0.36391806602478 0.364231556653976 0.364543616771698 0.3648541867733 0.365163177251816 0.365470618009567 0.36577644944191 0.366080611944199 0.366383105516434 0.36668387055397 0.366982907056808 0.367280185222626 0.367575705051422 0.36786937713623 0.368161261081696 0.36845126748085 0.368739426136017 0.369025707244873 0.369310081005096 0.369592517614365 0.369873046875 0.370151609182358 0.370428204536438 0.370702803134918 0.370975404977798 0.371245950460434 0.371514439582825 0.371780872344971 0.37204521894455 0.372307449579239 0.372567564249039 0.372825503349304 0.373081296682358 0.373334884643555 0.373586267232895 0.373835414648056 0.374082297086716
0.361722618341446 0.36204868555069 0.362373679876328 0.362697541713715 0.363020211458206 0.363341599702835 0.363661617040634 0.363980263471603 0.364297389984131 0.364613026380539 0.364927113056183 0.365239560604095 0.365550369024277 0.365859478712082 0.366166859865189 0.366472512483597 0.366776376962662 0.367078453302383 0.367378711700439 0.367677122354507 0.367973685264587 0.368268340826035 0.368561118841171 0.368851989507675 0.369140923023224 0.369427889585495 0.369712889194489 0.369995921850204 0.37027695775032 0.370555967092514 0.370832949876785 0.371107846498489 0.371380686759949 0.371651440858841 0.371920078992844 0.372186571359634 0.372450917959213 0.372713088989258 0.372973054647446 0.373230814933777 0.373486310243607 0.373739570379257 0.373990565538406 0.374239236116409
0.361760497093201 0.362090796232224 0.362419962882996 0.362747937440872 0.363074630498886 0.363399982452393 0.363723903894424 0.364046305418015 0.364367187023163 0.364686489105225 0.365004122257233 0.365320056676865 0.36563429236412 0.365946769714355 0.366257429122925 0.366566300392151 0.366873294115067 0.367178440093994 0.367481708526611 0.367783069610596 0.368082493543625 0.368380010128021 0.36867555975914 0.368969142436981 0.369260758161545 0.369550347328186 0.369837939739227 0.370123505592346 0.37040701508522 0.37068846821785 0.370967835187912 0.371245115995407 0.371520280838013 0.371793270111084 0.372064143419266 0.372332811355591 0.372599273920059 0.372863531112671 0.373125553131104 0.373385280370712 0.37364274263382 0.373897910118103 0.374150723218918 0.374401211738586
0.361801713705063 0.362136363983154 0.362469851970673 0.362802028656006 0.363132864236832 0.363462269306183 0.363790154457092 0.364116460084915 0.364441156387329 0.364764153957367 0.365085452795029 0.365404963493347 0.36572265625 0.366038531064987 0.366352528333664 0.366664618253708 0.366974800825119 0.367283046245575 0.367589354515076 0.367893695831299 0.368196040391922 0.368496417999268 0.368794769048691 0.369091093540192 0.36938539147377 0.369677662849426 0.369967848062515 0.370255976915359 0.370541989803314 0.370825916528702 0.371107697486877 0.371387332677841 0.371664822101593 0.371940135955811 0.372213214635849 0.372484087944031 0.372752726078033 0.373019069433212 0.37328314781189 0.373544901609421 0.373804330825806 0.374061405658722 0.374316096305847 0.374568402767181
0.361846446990967 0.362185627222061 0.36252349615097 0.362860023975372 0.3631951212883 0.363528668880463 0.363860636949539 0.364190936088562 0.364519506692886 0.36484631896019 0.365171313285828 0.365494430065155 0.365815669298172 0.366134971380234 0.36645233631134 0.366767734289169 0.367081105709076 0.367392510175705 0.367701888084412 0.368009209632874 0.368314504623413 0.368617743253708 0.368918925523758 0.369218051433563 0.369515061378479 0.369809985160828 0.370102792978287 0.370393484830856 0.370682030916214 0.37096843123436 0.371252655982971 0.371534705162048 0.371814548969269 0.37209215760231 0.37236750125885 0.372640609741211 0.372911423444748 0.373179882764816 0.373446047306061 0.373709827661514 0.373971253633499 0.374230265617371 0.374486833810806 0.374740958213806
0.361894935369492 0.362238734960556 0.362581193447113 0.362922191619873 0.363261640071869 0.363599479198456 0.363935589790344 0.364269971847534 0.364602506160736 0.36493319272995 0.365261942148209 0.365588754415512 0.365913569927216 0.366236358880997 0.366557121276855 0.366875827312469 0.367192476987839 0.367507040500641 0.367819488048553 0.368129849433899 0.368438124656677 0.368744254112244 0.369048267602921 0.369350165128708 0.369649916887283 0.369947522878647 0.370242983102798 0.370536237955093 0.370827347040176 0.371116250753403 0.371402949094772 0.371687412261963 0.371969610452652 0.37224954366684 0.372527211904526 0.372802525758743 0.373075544834137 0.37334617972374 0.373614430427551 0.37388026714325 0.374143689870834 0.374404639005661 0.374663114547729 0.37491911649704
0.361947417259216 0.362296015024185 0.362643152475357 0.362988740205765 0.363332688808441 0.363674879074097 0.364015281200409 0.364353835582733 0.36469042301178 0.365025043487549 0.365357637405396 0.365688174962997 0.36601659655571 0.366342931985855 0.366667151451111 0.366989195346832 0.367309093475342 0.367626845836639 0.367942422628403 0.368255823850632 0.368567049503326 0.368876099586487 0.369182974100113 0.369487673044205 0.36979016661644 0.370090484619141 0.370388597249985 0.37068447470665 0.370978146791458 0.371269553899765 0.371558725833893 0.371845632791519 0.372130215167999 0.372412532567978 0.372692465782166 0.372970074415207 0.373245298862457 0.373518109321594 0.373788475990295 0.374056398868561 0.374321818351746 0.374584764242172 0.374845147132874 0.375102996826172
0.36200413107872 0.362357676029205 0.362709641456604 0.363059967756271 0.363408535718918 0.363755226135254 0.364100009202957 0.36444279551506 0.364783525466919 0.365122139453888 0.365458637475967 0.365792959928513 0.366125077009201 0.366454988718033 0.366782665252686 0.367108076810837 0.367431282997131 0.367752224206924 0.368070930242538 0.368387371301651 0.368701606988907 0.369013577699661 0.369323313236237 0.369630813598633 0.36993607878685 0.370239078998566 0.370539844036102 0.37083837389946 0.371134608983994 0.371428549289703 0.371720224618912 0.372009575366974 0.37229660153389 0.372581243515015 0.372863531112671 0.373143404722214 0.373420864343643 0.373695880174637 0.37396839261055 0.374238401651382 0.374505877494812 0.374770820140839 0.375033140182495 0.375292867422104
0.362065345048904 0.36242401599884 0.3627809882164 0.363136172294617 0.363489478826523 0.363840788602829 0.36419004201889 0.364537179470062 0.364882111549377 0.365224838256836 0.365565270185471 0.365903437137604 0.366239279508591 0.366572767496109 0.366903930902481 0.367232769727707 0.367559254169464 0.367883414030075 0.36820524930954 0.368524760007858 0.368841975927353 0.369156867265701 0.369469493627548 0.369779795408249 0.370087832212448 0.370393544435501 0.370696991682053 0.370998114347458 0.371296942234039 0.371593475341797 0.371887624263763 0.372179448604584 0.372468888759613 0.372755944728851 0.373040586709976 0.373322784900665 0.373602479696274 0.373879700899124 0.374154388904572 0.374426513910294 0.37469607591629 0.374962985515594 0.375227302312851 0.37548890709877
0.362131386995316 0.362495332956314 0.362857490777969 0.363217711448669 0.363575875759125 0.363931924104691 0.3642857670784 0.364637345075607 0.364986568689346 0.365333437919617 0.365677893161774 0.366019904613495 0.366359502077103 0.366696625947952 0.367031306028366 0.367363542318344 0.367693334817886 0.368020713329315 0.368345677852631 0.368668258190155 0.368988454341888 0.369306296110153 0.369621753692627 0.369934886693954 0.370245665311813 0.370554119348526 0.37086021900177 0.371163994073868 0.371465414762497 0.371764481067657 0.372061192989349 0.372355490922928 0.372647374868393 0.372936844825745 0.373223841190338 0.373508363962173 0.373790353536606 0.374069809913635 0.374346673488617 0.374620944261551 0.374892592430115 0.375161558389664 0.375427812337875 0.37569135427475
0.3622025847435 0.362572014331818 0.36293950676918 0.363304883241653 0.363668084144592 0.364028990268707 0.364387542009354 0.364743620157242 0.365097224712372 0.365448296070099 0.365796834230423 0.366142749786377 0.366486132144928 0.366826891899109 0.367165088653564 0.367500752210617 0.367833852767944 0.368164449930191 0.368492513895035 0.368818134069443 0.369141310453415 0.369462043046951 0.369780361652374 0.370096296072006 0.370409846305847 0.370721012353897 0.371029794216156 0.371336221694946 0.371640235185623 0.371941864490509 0.372241109609604 0.372537910938263 0.372832268476486 0.373124152421951 0.373413532972336 0.37370041012764 0.373984724283218 0.374266415834427 0.374545514583588 0.374821931123734 0.375095695257187 0.375366687774658 0.375634968280792 0.375900447368622
