inputs/inputs_scenarios/2021_03_18_nigeria_region/inputs/vector.asc
NCOLS 535 
NROWS 277 
XLLCORNER -3.70833333308955 
YLLCORNER 3.76666666737855 
CELLSIZE 0.0416666666671355 
NODATA_value -3.4e+38 
[rows 0 to 19 of 277, columns 484 to 527 of 535]
0.391773730516434 0.391842991113663 0.391912460327148 0.391982138156891 0.39205202460289 0.392122119665146 0.392192393541336 0.392262905836105 0.392333626747131 0.392404526472092 0.392475664615631 0.392546981573105 0.392618477344513 0.3926902115345 0.392762124538422 0.3928342461586 0.392906546592712 0.392979025840759 0.393051743507385 0.393124610185623 0.393197685480118 0.393270909786224 0.393344342708588 0.393417954444885 0.39349177479744 0.393565714359283 0.393639862537384 0.393714189529419 0.393788665533066 0.393863320350647 0.393938153982162 0.39401313662529 0.394088268280029 0.394163578748703 0.394239008426666 0.394314616918564 0.394390374422073 0.394466280937195 0.394542336463928 0.394618541002274 0.394694864749908 0.394771337509155 0.394847929477692 0.39492467045784
0.39181387424469 0.39188277721405 0.39195191860199 0.392021268606186 0.392090827226639 0.392160624265671 0.392230600118637 0.392300844192505 0.392371267080307 0.392441898584366 0.392512768507004 0.392583817243576 0.392655104398727 0.392726570367813 0.392798274755478 0.392870157957077 0.392942249774933 0.393014550209045 0.393087029457092 0.393159717321396 0.393232613801956 0.393305689096451 0.39337894320488 0.393452405929565 0.393526047468185 0.39359986782074 0.393673866987228 0.393748044967651 0.393822401762009 0.3938969373703 0.393971651792526 0.394046515226364 0.394121557474136 0.394196778535843 0.394272148609161 0.394347667694092 0.394423335790634 0.394499182701111 0.394575148820877 0.394651293754578 0.394727557897568 0.394804000854492 0.394880563020706 0.39495724439621
0.391854047775269 0.39192259311676 0.391991376876831 0.392060399055481 0.39212965965271 0.392199128866196 0.392268806695938 0.392338752746582 0.39240887761116 0.392479240894318 0.392549842596054 0.392620652914047 0.392691671848297 0.392762929201126 0.392834365367889 0.392906039953232 0.392977923154831 0.393050014972687 0.393122285604477 0.393194794654846 0.39326748251915 0.393340408802032 0.393413484096527 0.393486797809601 0.393560260534286 0.393633961677551 0.393707811832428 0.393781870603561 0.393856108188629 0.393930494785309 0.394005089998245 0.394079864025116 0.394154787063599 0.394229918718338 0.394305199384689 0.394380629062653 0.39445623755455 0.39453199505806 0.394607901573181 0.394683986902237 0.394760191440582 0.394836574792862 0.394913077354431 0.394989728927612
0.391894221305847 0.391962438821793 0.392030864953995 0.392099559307098 0.392168462276459 0.392237633466721 0.392307013273239 0.392376631498337 0.392446488142014 0.392516583204269 0.392586916685104 0.392657458782196 0.392728239297867 0.392799228429794 0.392870455980301 0.392941892147064 0.393013536930084 0.393085420131683 0.393157511949539 0.393229812383652 0.393302321434021 0.393375039100647 0.39344796538353 0.393521100282669 0.393594443798065 0.393667966127396 0.393741697072983 0.393815606832504 0.39388969540596 0.393963992595673 0.394038468599319 0.394113123416901 0.394187957048416 0.394262969493866 0.39433816075325 0.394413501024246 0.394489020109177 0.394564718008041 0.394640564918518 0.394716590642929 0.39479273557663 0.394869059324265 0.394945532083511 0.395022124052048
0.391934424638748 0.392002284526825 0.392070353031158 0.392138689756393 0.39220729470253 0.392276108264923 0.392345190048218 0.392414510250092 0.392484098672867 0.392553895711899 0.39262393116951 0.3926942050457 0.392764747142792 0.39283549785614 0.392906457185745 0.392977684736252 0.393049120903015 0.393120795488358 0.393192678689957 0.393264770507812 0.393337100744247 0.393409639596939 0.393482387065887 0.393555372953415 0.393628537654877 0.393701910972595 0.39377549290657 0.39384925365448 0.393923223018646 0.393997400999069 0.394071757793427 0.394146293401718 0.394221037626266 0.394295960664749 0.394371032714844 0.394446313381195 0.394521743059158 0.394597381353378 0.394673138856888 0.394749104976654 0.39482519030571 0.3949014544487 0.394977897405624 0.395054459571838
0.391974657773972 0.392042130231857 0.392109870910645 0.392177850008011 0.392246097326279 0.392314612865448 0.392383366823196 0.392452389001846 0.392521649599075 0.392591178417206 0.392660945653915 0.392730951309204 0.392801195383072 0.392871707677841 0.39294245839119 0.393013447523117 0.393084645271301 0.393156111240387 0.393227785825729 0.393299698829651 0.393371820449829 0.393444180488586 0.3935167491436 0.393589556217194 0.393662571907043 0.39373579621315 0.393809199333191 0.393882840871811 0.393956691026688 0.394030749797821 0.394104987382889 0.394179403781891 0.39425402879715 0.394328862428665 0.394403845071793 0.394479036331177 0.394554406404495 0.394629925489426 0.394705653190613 0.394781529903412 0.394857585430145 0.394933789968491 0.395010143518448 0.395086675882339
0.392014890909195 0.39208197593689 0.392149358987808 0.392216980457306 0.392284899950027 0.392353057861328 0.392421513795853 0.392490208148956 0.392559170722961 0.392628401517868 0.392697900533676 0.392767637968063 0.392837643623352 0.39290788769722 0.392978370189667 0.393049120903015 0.393120110034943 0.393191337585449 0.393262803554535 0.393334537744522 0.393406450748444 0.393478631973267 0.393551021814346 0.393623650074005 0.393696516752243 0.393769592046738 0.393842875957489 0.393916368484497 0.393990069627762 0.394063979387283 0.394138097763062 0.394212424755096 0.394286960363388 0.394361674785614 0.394436568021774 0.394511669874191 0.394586950540543 0.394662410020828 0.394738048315048 0.394813865423203 0.394889861345291 0.394966006278992 0.395042330026627 0.395118832588196
0.392055124044418 0.392121851444244 0.392188847064972 0.392256110906601 0.392323672771454 0.392391502857208 0.392459630966187 0.392528027296066 0.392596691846848 0.39266562461853 0.392734825611115 0.3928042948246 0.392874002456665 0.392944008111954 0.393014252185822 0.393084764480591 0.393155515193939 0.393226534128189 0.393297791481018 0.393369287252426 0.393441051244736 0.393513023853302 0.393585234880447 0.393657684326172 0.393730372190475 0.393803298473358 0.393876433372498 0.393949776887894 0.394023358821869 0.394097149372101 0.394171148538589 0.394245356321335 0.394319772720337 0.394394367933273 0.394469201564789 0.394544184207916 0.394619405269623 0.394694775342941 0.394770354032516 0.394846111536026 0.39492204785347 0.394998133182526 0.395074427127838 0.395150870084763
0.392095357179642 0.392161697149277 0.392228305339813 0.392295241355896 0.39236244559288 0.392429947853088 0.392497718334198 0.392565786838531 0.392634153366089 0.392702788114548 0.392771691083908 0.39284086227417 0.392910331487656 0.392980068922043 0.393050074577332 0.393120348453522 0.393190860748291 0.393261641263962 0.393332690000534 0.393403977155685 0.393475532531738 0.39354732632637 0.393619358539581 0.393691658973694 0.393764168024063 0.393836915493011 0.393909901380539 0.393983125686646 0.394056558609009 0.394130229949951 0.39420410990715 0.394278198480606 0.394352495670319 0.394427001476288 0.394501715898514 0.394576638936996 0.394651740789413 0.394727051258087 0.394802570343018 0.39487823843956 0.394954115152359 0.395030170679092 0.39510640501976 0.39518278837204
0.392135560512543 0.392201513051987 0.392267763614655 0.392334312200546 0.392401158809662 0.392468303442001 0.392535775899887 0.392603516578674 0.392671555280685 0.39273989200592 0.392808496952057 0.392877399921417 0.392946600914001 0.393016070127487 0.393085807561874 0.393155843019485 0.393226116895676 0.39329668879509 0.393367528915405 0.3934386074543 0.393509954214096 0.393581569194794 0.39365342259407 0.393725514411926 0.393797874450684 0.39387047290802 0.393943309783936 0.394016355276108 0.394089668989182 0.394163191318512 0.394236952066422 0.394310921430588 0.394385129213333 0.394459545612335 0.394534140825272 0.394608974456787 0.394684016704559 0.394759237766266 0.394834667444229 0.394910305738449 0.394986093044281 0.39506208896637 0.395138293504715 0.395214647054672
0.392175793647766 0.392241328954697 0.392307192087173 0.392373353242874 0.392439872026443 0.392506659030914 0.392573773860931 0.392641186714172 0.39270892739296 0.392776936292648 0.392845273017883 0.39291387796402 0.392982810735703 0.393052011728287 0.393121480941772 0.393191277980804 0.393261313438416 0.39333164691925 0.393402248620987 0.393473148345947 0.393544286489487 0.393615692853928 0.39368736743927 0.393759310245514 0.393831491470337 0.393903911113739 0.393976598978043 0.394049525260925 0.394122689962387 0.394196063280106 0.394269704818726 0.394343554973602 0.394417643547058 0.394491970539093 0.394566476345062 0.394641220569611 0.394716173410416 0.394791305065155 0.394866675138474 0.394942224025726 0.395017981529236 0.39509391784668 0.39517006278038 0.395246356725693
0.392215967178345 0.392281115055084 0.39234659075737 0.392412394285202 0.39247852563858 0.392544955015182 0.392611742019653 0.392678827047348 0.392746210098267 0.392813920974731 0.392881959676743 0.392950296401978 0.393018931150436 0.393087863922119 0.393157094717026 0.393226623535156 0.393296420574188 0.393366545438766 0.393436908721924 0.393507570028305 0.39357852935791 0.393649727106094 0.393721222877502 0.393792986869812 0.393864989280701 0.393937259912491 0.394009798765182 0.394082546234131 0.394155591726303 0.394228845834732 0.394302368164062 0.39437609910965 0.394450068473816 0.394524276256561 0.394598692655563 0.394673347473145 0.394748210906982 0.394823282957077 0.394898563623428 0.394974052906036 0.395049750804901 0.3951256275177 0.395201712846756 0.395277976989746
0.392256140708923 0.392320871353149 0.392385959625244 0.392451375722885 0.392517119646072 0.392583221197128 0.392649620771408 0.392716377973557 0.392783463001251 0.392850875854492 0.392918586730957 0.392986625432968 0.393054962158203 0.393123626708984 0.393192619085312 0.393261879682541 0.393331438302994 0.393401324748993 0.393471479415894 0.393541932106018 0.393612682819366 0.393683701753616 0.393754988908768 0.393826544284821 0.393898397684097 0.393970489501953 0.394042879343033 0.394115507602692 0.39418837428093 0.394261509180069 0.394334882497787 0.394408524036407 0.394482374191284 0.394556492567062 0.394630819559097 0.394705355167389 0.39478012919426 0.394855141639709 0.394930362701416 0.395005762577057 0.395081400871277 0.395157247781754 0.395233273506165 0.395309507846832
0.392296254634857 0.392360597848892 0.392425268888474 0.392490297555923 0.392555683851242 0.392621397972107 0.39268746972084 0.392753899097443 0.392820626497269 0.392887711524963 0.392955124378204 0.393022865056992 0.393090933561325 0.393159329891205 0.393228024244308 0.393297046422958 0.393366396427155 0.393436014652252 0.393505960702896 0.393576174974442 0.393646717071533 0.393717527389526 0.393788635730743 0.393860042095184 0.393931686878204 0.394003629684448 0.394075840711594 0.394148319959641 0.394221067428589 0.394294083118439 0.394367337226868 0.394440829753876 0.394514590501785 0.394588559865952 0.394662797451019 0.394737273454666 0.39481195807457 0.394886881113052 0.394962012767792 0.39503738284111 0.395112931728363 0.395188719034195 0.395264714956284 0.395340889692307
0.392336368560791 0.39240026473999 0.39246454834938 0.392529159784317 0.392594158649445 0.392659544944763 0.392725259065628 0.392791330814362 0.392857730388641 0.39292448759079 0.392991602420807 0.39305904507637 0.39312681555748 0.393194943666458 0.39326336979866 0.393332123756409 0.393401205539703 0.393470615148544 0.393540322780609 0.393610328435898 0.393680661916733 0.393751263618469 0.393822193145752 0.393893390893936 0.393964886665344 0.394036650657654 0.394108712673187 0.394181042909622 0.394253641366959 0.394326508045197 0.394399642944336 0.394473016262054 0.394546657800674 0.394620537757874 0.394694685935974 0.394769042730331 0.394843637943268 0.394918501377106 0.394993543624878 0.395068854093552 0.39514434337616 0.395220071077347 0.395296007394791 0.395372152328491
0.392376393079758 0.392439872026443 0.39250373840332 0.392567992210388 0.392632603645325 0.392697602510452 0.392762959003448 0.392828673124313 0.392894744873047 0.392961204051971 0.393027991056442 0.393095135688782 0.393162608146667 0.393230438232422 0.393298625946045 0.393367111682892 0.393435955047607 0.393505096435547 0.393574565649033 0.393644362688065 0.393714487552643 0.393784910440445 0.393855631351471 0.393926650285721 0.393997967243195 0.394069582223892 0.394141465425491 0.394213646650314 0.394286096096039 0.394358813762665 0.394431829452515 0.394505083560944 0.394578605890274 0.394652396440506 0.394726425409317 0.394800692796707 0.394875228404999 0.394949972629547 0.395024985074997 0.395100206136703 0.395175635814667 0.395251303911209 0.395327210426331 0.395403295755386
0.392416387796402 0.392479449510574 0.392542898654938 0.392606735229492 0.392670959234238 0.392735570669174 0.392800569534302 0.39286595582962 0.392931669950485 0.392997801303864 0.393064260482788 0.393131107091904 0.393198311328888 0.393265843391418 0.393333733081818 0.393401980400085 0.3934705555439 0.393539488315582 0.393608719110489 0.393678307533264 0.393748193979263 0.393818408250809 0.3938889503479 0.393959760665894 0.394030898809433 0.394102364778519 0.394174098968506 0.394246101379395 0.394318431615829 0.394391030073166 0.394463896751404 0.394537031650543 0.394610434770584 0.394684106111526 0.39475804567337 0.394832223653793 0.394906669855118 0.394981354475021 0.395056277513504 0.395131409168243 0.395206809043884 0.395282417535782 0.395358264446259 0.395434319972992
0.392456322908401 0.392518937587738 0.392581969499588 0.392645418643951 0.392709255218506 0.392773479223251 0.39283812046051 0.392903119325638 0.392968535423279 0.393034309148788 0.393100470304489 0.393166989088058 0.393233895301819 0.393301159143448 0.393368780612946 0.393436759710312 0.393505066633224 0.393573731184006 0.393642753362656 0.393712103366852 0.393781781196594 0.393851786851883 0.393922120332718 0.393992781639099 0.394063740968704 0.394134998321533 0.394206583499908 0.394278466701508 0.394350618124008 0.394423067569733 0.394495815038681 0.394568830728531 0.394642144441605 0.394715696573257 0.394789546728134 0.39486363530159 0.394937962293625 0.395012587308884 0.395087420940399 0.395162522792816 0.39523783326149 0.395313411951065 0.395389199256897 0.395465195178986
0.392496198415756 0.392558366060257 0.392620980739594 0.392684012651443 0.392747461795807 0.392811298370361 0.392875552177429 0.392940193414688 0.39300525188446 0.393070697784424 0.393136531114578 0.393202751874924 0.39326936006546 0.393336325883865 0.393403679132462 0.393471390008926 0.39353945851326 0.393607884645462 0.393676668405533 0.39374577999115 0.393815249204636 0.393885046243668 0.393955200910568 0.394025653600693 0.394096434116364 0.394167542457581 0.394238948822021 0.394310653209686 0.394382685422897 0.394455015659332 0.394527614116669 0.394600510597229 0.394673705101013 0.394747167825699 0.394820898771286 0.394894897937775 0.394969135522842 0.395043671131134 0.395118445158005 0.395193457603455 0.395268738269806 0.395344227552414 0.395419985055923 0.39549595117569
0.392535984516144 0.392597734928131 0.392659902572632 0.392722517251968 0.392785549163818 0.392849028110504 0.392912894487381 0.392977178096771 0.393041908740997 0.393106997013092 0.3931725025177 0.393238425254822 0.393304705619812 0.393371403217316 0.393438458442688 0.393505901098251 0.393573731184006 0.393641889095306 0.393710434436798 0.393779337406158 0.393848598003387 0.393918186426163 0.393988102674484 0.394058376550674 0.394128978252411 0.394199907779694 0.394271165132523 0.394342720508575 0.394414603710175 0.394486784934998 0.394559264183044 0.394632041454315 0.39470511674881 0.394778460264206 0.394852101802826 0.394926011562347 0.39500018954277 0.395074635744095 0.395149320363998 0.395224273204803 0.39529949426651 0.395374953746796 0.395450621843338 0.395526558160782
