inputs/inputs_scenarios/2021_03_18_nigeria_region/inputs/vector.asc
NCOLS 535 
NROWS 277 
XLLCORNER -3.70833333308955 
YLLCORNER 3.76666666737855 
CELLSIZE 0.0416666666671355 
NODATA_value -3.4e+38 
[rows 20 to 39 of 277, columns 220 to 263 of 535]
0.346484214067459 0.346785724163055 0.347090482711792 0.347398519515991 0.34770992398262 0.348024696111679 0.348342895507812 0.348664522171021 0.348989576101303 0.34931805729866 0.349649995565414 0.349985331296921 0.350324034690857 0.350666075944901 0.351011425256729 0.351359993219376 0.351711750030518 0.352066576480865 0.352424412965775 0.352785170078278 0.353148728609085 0.35351499915123 0.353883802890778 0.354255050420761 0.354628562927246 0.355004191398621 0.355381786823273 0.355761140584946 0.356142103672028 0.356524467468262 0.356908023357391 0.35729256272316 0.35767787694931 0.358063727617264 0.358449876308441 0.358836144208908 0.359222233295441 0.359607964754105 0.359993100166321 0.36037740111351 0.360760688781738 0.361142694950104 0.361523270606995 0.361902177333832
0.346342086791992 0.346645176410675 0.346951693296432 0.347261667251587 0.347575217485428 0.347892343997955 0.348213046789169 0.348537415266037 0.348865419626236 0.349197059869766 0.349532335996628 0.349871218204498 0.350213706493378 0.350559711456299 0.350909233093262 0.351262181997299 0.351618498563766 0.351978093385696 0.352340906858444 0.352706789970398 0.353075683116913 0.353447437286377 0.353821933269501 0.354199022054672 0.35457855463028 0.354960381984711 0.355344265699387 0.355730086565018 0.356117606163025 0.356506615877151 0.356896907091141 0.357288271188736 0.357680469751358 0.358073234558105 0.358466327190399 0.35885950922966 0.359252542257309 0.359645158052444 0.360037118196487 0.360428154468536 0.360818088054657 0.361206620931625 0.361593574285507 0.361978739500046
0.346197754144669 0.346502333879471 0.346810549497604 0.347122430801392 0.347438097000122 0.347757548093796 0.348080813884735 0.348407924175262 0.3487389087677 0.349073737859726 0.34941241145134 0.349754929542542 0.350101262331009 0.350451350212097 0.350805133581161 0.35116258263588 0.351523607969284 0.351888120174408 0.352256059646606 0.352627277374268 0.353001713752747 0.353379189968109 0.353759586811066 0.354142785072327 0.354528576135635 0.35491681098938 0.355307310819626 0.355699837207794 0.356094211339951 0.356490224599838 0.356887608766556 0.357286125421524 0.357685536146164 0.358085572719574 0.358485966920853 0.358886450529099 0.35928675532341 0.359686583280563 0.360085725784302 0.360483855009079 0.360880732536316 0.361276090145111 0.36166974902153 0.362061440944672
0.346051007509232 0.346357017755508 0.346666872501373 0.346980631351471 0.347298383712769 0.347620129585266 0.347945958375931 0.34827584028244 0.348609834909439 0.348947912454605 0.349290072917938 0.349636286497116 0.349986553192139 0.350340783596039 0.350698977708817 0.351061046123505 0.351426929235458 0.351796537637711 0.352169781923294 0.352546513080597 0.352926671504974 0.353310108184814 0.353696674108505 0.354086220264435 0.354478567838669 0.354873508214951 0.355270892381668 0.355670481920242 0.356072068214417 0.356475383043289 0.356880187988281 0.357286244630814 0.35769322514534 0.358100920915604 0.358509004116058 0.358917146921158 0.359325110912323 0.35973259806633 0.36013925075531 0.360544830560684 0.360949009656906 0.361351579427719 0.361752212047577 0.362150698900223
0.345901757478714 0.346209108829498 0.34652054309845 0.346836119890213 0.347155898809433 0.347479969263077 0.347808301448822 0.348140984773636 0.348478019237518 0.348819375038147 0.349165081977844 0.349515080451965 0.34986937046051 0.350227892398834 0.350590616464615 0.350957453250885 0.351328343153 0.351703196763992 0.352081924676895 0.352464407682419 0.352850526571274 0.353240132331848 0.353633105754852 0.354029268026352 0.354428440332413 0.354830414056778 0.355235010385513 0.35564199090004 0.356051117181778 0.356462121009827 0.356874763965607 0.357288718223572 0.357703745365143 0.358119487762451 0.358535677194595 0.358951926231384 0.359367966651917 0.359783470630646 0.360198080539703 0.360611498355865 0.361023396253586 0.361433506011963 0.36184149980545 0.362247109413147
0.345749795436859 0.346058398485184 0.346371322870255 0.346688657999039 0.347010463476181 0.347336798906326 0.347667694091797 0.348003178834915 0.348343282938004 0.34868797659874 0.349037289619446 0.349391132593155 0.349749565124512 0.350112468004227 0.3504798412323 0.350851595401764 0.351227641105652 0.351607918739319 0.351992338895798 0.352380752563477 0.352773070335388 0.353169113397598 0.353568762540817 0.353971838951111 0.354378163814545 0.35478749871254 0.355199664831161 0.355614393949509 0.356031447649002 0.35645055770874 0.356871426105499 0.357293754816055 0.357717216014862 0.358141481876373 0.35856619477272 0.358991056680679 0.359415650367737 0.359839618206024 0.360262632369995 0.360684335231781 0.361104369163513 0.361522406339645 0.361938148736954 0.36235123872757
0.34559491276741 0.345904648303986 0.346219003200531 0.346538037061691 0.346861839294434 0.34719043970108 0.347523868083954 0.347862184047699 0.348205387592316 0.348553478717804 0.348906427621841 0.34926426410675 0.349626898765564 0.349994331598282 0.350366473197937 0.350743293762207 0.351124674081802 0.351510584354401 0.35190087556839 0.352295458316803 0.35269421339035 0.353096961975098 0.353503584861755 0.353913873434067 0.354327648878098 0.354744702577591 0.355164796113968 0.355587661266327 0.356013059616089 0.35644069314003 0.356870263814926 0.357301414012909 0.357733815908432 0.358167082071304 0.35860088467598 0.359034806489944 0.359468460083008 0.359901428222656 0.360333353281021 0.360763847827911 0.361192464828491 0.361618906259537 0.362042784690857 0.362463772296906
0.345436930656433 0.345747709274292 0.346063405275345 0.346384078264236 0.346709787845612 0.34704065322876 0.347376614809036 0.347717791795731 0.348064124584198 0.348415642976761 0.348772346973419 0.349134206771851 0.34950116276741 0.349873214960098 0.350250273942947 0.350632309913635 0.351019233465195 0.351410955190659 0.351807355880737 0.352208316326141 0.352613747119904 0.353023499250412 0.35343736410141 0.353855192661285 0.354276806116104 0.354701936244965 0.355130344629288 0.355561792850494 0.355996012687683 0.356432646512985 0.356871366500854 0.357311874628067 0.357753723859787 0.358196556568146 0.358639985322952 0.359083533287048 0.359526813030243 0.3599693775177 0.360410749912262 0.360850542783737 0.36128830909729 0.361723601818085 0.362156093120575 0.36258539557457
0.345275580883026 0.345587283372879 0.345904231071472 0.34622648358345 0.346554100513458 0.346887141466141 0.347225666046143 0.347569674253464 0.347919195890427 0.348274230957031 0.348634749650955 0.349000722169876 0.349372118711472 0.349748939275742 0.350131064653397 0.350518494844437 0.350911110639572 0.351308822631836 0.351711541414261 0.35211917757988 0.352531552314758 0.352948576211929 0.353370010852814 0.353795737028122 0.354225516319275 0.354659140110016 0.355096310377121 0.355536788702011 0.355980277061462 0.356426417827606 0.356874883174896 0.357325255870819 0.357777148485184 0.358230173587799 0.358683824539185 0.359137624502182 0.359591156244278 0.360043913125992 0.360495388507843 0.360945075750351 0.36139252781868 0.361837297677994 0.362278908491135 0.362716972827911
0.345110595226288 0.345423132181168 0.345741212368011 0.346064954996109 0.346394449472427 0.346729695796967 0.347070753574371 0.347417652606964 0.347770392894745 0.348128944635391 0.348493367433548 0.348863542079926 0.349239528179169 0.349621206521988 0.350008577108383 0.350401550531387 0.350800037384033 0.351203978061676 0.351613283157349 0.352027803659439 0.352447420358658 0.352872014045715 0.353301376104355 0.353735357522964 0.354173690080643 0.354616194963455 0.3550626039505 0.355512589216232 0.355965882539749 0.35642209649086 0.356880843639374 0.357341736555099 0.357804328203201 0.358268141746521 0.3587327003479 0.359197467565536 0.359661966562271 0.360125601291656 0.36058783531189 0.361048102378845 0.361505925655365 0.361960738897324 0.362412065267563 0.362859427928925
0.344941735267639 0.345254927873611 0.345574080944061 0.345899254083633 0.346230536699295 0.346567958593369 0.346911549568176 0.347261369228363 0.347617357969284 0.347979545593262 0.348347902297974 0.34872242808342 0.349103063344955 0.349489778280258 0.349882513284683 0.350281208753586 0.350685805082321 0.3510961830616 0.351512283086777 0.35193395614624 0.352361112833023 0.352793604135513 0.353231221437454 0.353673845529556 0.354121178388596 0.354573041200638 0.355029135942459 0.355489164590836 0.355952799320221 0.356419682502747 0.356889367103577 0.357361435890198 0.357835382223129 0.358310759067535 0.358786970376968 0.359263509511948 0.359739691019058 0.36021500825882 0.360688775777817 0.361160427331924 0.361629337072372 0.362094908952713 0.362556576728821 0.363013863563538
0.344768613576889 0.345082342624664 0.345402449369431 0.345728993415833 0.346062034368515 0.3464016020298 0.346747756004333 0.347100496292114 0.34745979309082 0.347825676202774 0.348198115825653 0.348577052354813 0.348962485790253 0.349354386329651 0.349752634763718 0.350157260894775 0.350568115711212 0.350985169410706 0.351408302783966 0.351837426424026 0.352272421121597 0.352713137865067 0.3531593978405 0.353611022233963 0.354067802429199 0.354529500007629 0.35499581694603 0.355466455221176 0.355941027402878 0.356419205665588 0.35690051317215 0.357384502887726 0.357870608568192 0.358358323574066 0.358847051858902 0.359336167573929 0.359824955463409 0.360312819480896 0.360799014568329 0.361282885074615 0.361763685941696 0.362240821123123 0.362713575363159 0.363181442022324
0.344590872526169 0.344905018806458 0.345225989818573 0.345553815364838 0.345888584852219 0.346230298280716 0.346579015254974 0.346934705972672 0.34729740023613 0.347667038440704 0.348043620586395 0.34842711687088 0.348817467689514 0.349214643239975 0.349618643522263 0.350029319524765 0.350446671247482 0.35087063908577 0.351301074028015 0.351737916469574 0.352181047201157 0.352630347013474 0.353085607290268 0.35354670882225 0.354013383388519 0.354485392570496 0.3549624979496 0.355444312095642 0.355930536985397 0.356420695781708 0.356914401054382 0.357411086559296 0.357910215854645 0.35841116309166 0.358913332223892 0.359415948390961 0.359918355941772 0.360419750213623 0.36091935634613 0.361416399478912 0.361910074949265 0.362399637699127 0.362884342670441 0.363363534212112
0.34440815448761 0.3447225689888 0.345044255256653 0.345373332500458 0.345709800720215 0.346053659915924 0.346404939889908 0.346763670444489 0.347129762172699 0.347503244876862 0.347884088754654 0.348272234201431 0.348667651414871 0.349070310592651 0.349480152130127 0.349897116422653 0.35032120347023 0.350752264261246 0.351190268993378 0.351635128259659 0.352086752653122 0.352544963359833 0.353009641170502 0.353480607271194 0.353957653045654 0.354440569877625 0.354929000139236 0.355422675609589 0.35592120885849 0.356424152851105 0.356931030750275 0.357441306114197 0.357954353094101 0.358469575643539 0.35898619890213 0.359503448009491 0.36002054810524 0.360536605119705 0.361050754785538 0.361562103033066 0.362069725990295 0.362572759389877 0.363070338964462 0.363561719655991
0.344219952821732 0.344534486532211 0.344856858253479 0.345187097787857 0.345525234937668 0.345871239900589 0.346225142478943 0.346586912870407 0.346956521272659 0.347333937883377 0.347719132900238 0.348112046718597 0.348512679338455 0.348920971155167 0.349336862564087 0.349760323762894 0.350191295146942 0.35062974691391 0.35107558965683 0.351528763771057 0.351989150047302 0.352456659078598 0.352931171655655 0.353412479162216 0.353900402784348 0.354394733905792 0.354895174503326 0.355401366949081 0.355912953615189 0.356429487466812 0.356950461864471 0.357475280761719 0.358003318309784 0.35853385925293 0.359066098928452 0.359599202871323 0.360132247209549 0.360664248466492 0.361194223165512 0.361721158027649 0.362243950366974 0.362761646509171 0.3632732629776 0.363777846097946
0.344025790691376 0.344340324401855 0.344663292169571 0.344994634389877 0.345334410667419 0.345682591199875 0.346039146184921 0.346404045820236 0.346777260303497 0.347158700227737 0.347548365592957 0.347946226596832 0.348352193832397 0.348766267299652 0.349188387393951 0.349618524312973 0.350056618452072 0.350502669811249 0.350956618785858 0.351418405771255 0.351887941360474 0.352365106344223 0.352849841117859 0.353341966867447 0.353841334581375 0.35434764623642 0.354860723018646 0.355380177497864 0.355905622243881 0.356436640024185 0.35697266459465 0.357513099908829 0.358057260513306 0.358604341745377 0.359153538942337 0.359703838825226 0.360254228115082 0.360803663730621 0.361350953578949 0.361894905567169 0.362434357404709 0.362968116998672 0.363494992256165 0.364013969898224
0.343825072050095 0.344139516353607 0.344462960958481 0.344795435667038 0.345136851072311 0.345487236976624 0.34584653377533 0.34621462225914 0.346591532230377 0.346977144479752 0.347371399402618 0.347774296998978 0.348185777664185 0.348605781793594 0.349034309387207 0.3494713306427 0.349916815757751 0.350370705127716 0.350833028554916 0.351303696632385 0.3517826795578 0.352269917726517 0.352765321731567 0.35326874256134 0.353780031204224 0.354299008846283 0.354825377464294 0.355358839035034 0.355899035930634 0.356445461511612 0.356997609138489 0.357554823160172 0.3581163585186 0.358681380748749 0.3592489361763 0.359817981719971 0.36038738489151 0.360955893993378 0.361522197723389 0.362084925174713 0.362642675638199 0.363194108009338 0.363737791776657 0.364272505044937
0.34361720085144 0.343931406736374 0.344255328178406 0.344588875770569 0.344932019710541 0.345284670591354 0.345646739006042 0.34601816534996 0.346398860216141 0.346788763999939 0.347187787294388 0.347595870494843 0.348013013601303 0.348439157009125 0.348874270915985 0.349318355321884 0.3497713804245 0.350233376026154 0.350704312324524 0.351184189319611 0.351672977209091 0.352170646190643 0.352677136659622 0.353192329406738 0.353716135025024 0.354248374700546 0.354788780212402 0.355337083339691 0.355892926454544 0.35645580291748 0.35702520608902 0.357600450515747 0.35818076133728 0.358765214681625 0.359352797269821 0.359942346811295 0.360532611608505 0.361122101545334 0.361709415912628 0.362292885780334 0.362870961427689 0.363441914319992 0.364004224538803 0.364556312561035
0.343401432037354 0.343715369701385 0.344039708375931 0.344374388456345 0.344719260931015 0.345074266195297 0.345439255237579 0.345814138650894 0.34619876742363 0.346593111753464 0.346997022628784 0.347410500049591 0.34783348441124 0.348265916109085 0.348707795143127 0.349159151315689 0.349619954824448 0.350090265274048 0.350570112466812 0.351059466600418 0.351558357477188 0.352066844701767 0.352584838867188 0.353112310171127 0.353649169206619 0.354195296764374 0.354750514030457 0.355314493179321 0.355886936187744 0.356467396020889 0.357055276632309 0.357649922370911 0.35825052857399 0.35885614156723 0.359465599060059 0.360077649354935 0.360690832138062 0.361303597688675 0.361914187669754 0.362520784139633 0.363121449947357 0.363714247941971 0.364297300577164 0.364868700504303
0.343176960945129 0.343490570783615 0.343815386295319 0.344151228666306 0.344497978687286 0.344855487346649 0.345223516225815 0.345602005720139 0.345990777015686 0.346389710903168 0.346798717975616 0.347217708826065 0.347646683454514 0.34808561205864 0.348534464836121 0.348993241786957 0.349462062120438 0.349940896034241 0.350429862737656 0.350928962230682 0.35143831372261 0.351957947015762 0.352487862110138 0.35302808880806 0.353578597307205 0.354139298200607 0.354710042476654 0.355290591716766 0.355880677700043 0.356479853391647 0.357087552547455 0.357703119516373 0.358325719833374 0.358954340219498 0.359587728977203 0.360224515199661 0.360863119363785 0.361501693725586 0.362138271331787 0.362770736217499 0.363396823406219 0.364014178514481 0.364620506763458 0.365213602781296
