inputs/inputs_scenarios/2022_02_17_nigeria_region/inputs/vector.asc
NCOLS 535 
NROWS 277 
XLLCORNER -3.70833333308955 
YLLCORNER 3.76666666737855 
CELLSIZE 0.0416666666671355 
NODATA_value -3.4e+38 
[rows 40 to 59 of 277, columns 352 to 395 of 535]
0.404750466346741 0.404504597187042 0.404257953166962 0.404010593891144 0.403762489557266 0.403513610363007 0.403263807296753 0.403012871742249 0.402760297060013 0.402505427598953 0.402247428894043 0.401985466480255 0.401719212532043 0.401448994874954 0.401175796985626 0.400900959968567 0.400625884532928 0.400351732969284 0.400079429149628 0.39980959892273 0.399542659521103 0.399278789758682 0.399018049240112 0.398760259151459 0.39850515127182 0.39825239777565 0.398001551628113 0.397752225399017 0.397504031658173 0.397256672382355 0.39700984954834 0.396763414144516 0.396517157554626 0.396271049976349 0.396025031805038 0.39577904343605 0.395533174276352 0.395287394523621 0.395041823387146 0.394796460866928 0.394551396369934 0.394306719303131 0.394062489271164 0.393818795681
0.405455142259598 0.405198514461517 0.404941558837891 0.404684275388718 0.404426723718643 0.404168844223022 0.403910577297211 0.403651684522629 0.403391629457474 0.403129369020462 0.402863383293152 0.402591913938522 0.402314037084579 0.402030169963837 0.401742041110992 0.401452034711838 0.401162266731262 0.40087428689003 0.400589227676392 0.400307774543762 0.400030374526978 0.399757206439972 0.399488210678101 0.399223119020462 0.398961454629898 0.398702651262283 0.398446202278137 0.398191452026367 0.397937923669815 0.397685199975967 0.397432953119278 0.397180944681168 0.396928995847702 0.396677076816559 0.396425098180771 0.39617308974266 0.395921051502228 0.39566907286644 0.395417213439941 0.395165532827377 0.394914120435715 0.394663065671921 0.394412457942963 0.39416241645813
0.406171172857285 0.40590363740921 0.405636221170425 0.40536892414093 0.405101865530014 0.404835075139999 0.404568672180176 0.404302626848221 0.404036462306976 0.403768837451935 0.403497010469437 0.403217196464539 0.402926743030548 0.402626305818558 0.402319669723511 0.402011156082153 0.401703983545303 0.401400208473206 0.401100933551788 0.400806874036789 0.400518417358398 0.400235682725906 0.399958521127701 0.399686455726624 0.399418741464615 0.399154603481293 0.398893147706985 0.398633569478989 0.39837521314621 0.398117542266846 0.397860169410706 0.397602826356888 0.397345334291458 0.397087663412094 0.396829754114151 0.396571666002274 0.396313428878784 0.39605513215065 0.395796865224838 0.395538747310638 0.395280838012695 0.395023286342621 0.394766181707382 0.394509613513947
0.406898647546768 0.406619995832443 0.406341969966888 0.406064599752426 0.405787974596024 0.405512392520905 0.405238211154938 0.404965937137604 0.404695868492126 0.404426872730255 0.404154568910599 0.403870165348053 0.403565645217896 0.403242528438568 0.40291041135788 0.40257802605629 0.402249902486801 0.40192785859108 0.401612639427185 0.401304751634598 0.401004552841187 0.400712072849274 0.400427043437958 0.400148659944534 0.399875849485397 0.399607330560684 0.399341851472855 0.39907830953598 0.398815840482712 0.398553758859634 0.398291647434235 0.398029237985611 0.397766351699829 0.397502988576889 0.397239148616791 0.396974921226501 0.396710425615311 0.396445691585541 0.396180927753448 0.395916223526001 0.395651698112488 0.395387500524521 0.395123720169067 0.394860476255417
0.407637476921082 0.407347589731216 0.407058894634247 0.406771391630173 0.406485199928284 0.406200706958771 0.405918836593628 0.405641168355942 0.405369997024536 0.405106991529465 0.40484806895256 0.404572397470474 0.404250413179398 0.403887808322906 0.403515756130219 0.403151333332062 0.402797818183899 0.402454733848572 0.402121603488922 0.401798456907272 0.401485651731491 0.40118333697319 0.400891005992889 0.400607496500015 0.400331050157547 0.400059729814529 0.399791687726974 0.39952540397644 0.399259746074677 0.398993968963623 0.398727595806122 0.398460388183594 0.398192256689072 0.397923290729523 0.397653520107269 0.397383123636246 0.397112220525742 0.396840989589691 0.396569550037384 0.396298110485077 0.396026790142059 0.395755767822266 0.395485132932663 0.395215094089508
0.408387660980225 0.408086508512497 0.407787173986435 0.407489567995071 0.407193690538406 0.40690004825592 0.406610012054443 0.406326681375504 0.406056135892868 0.405809432268143 0.405599594116211 0.40539288520813 0.405038774013519 0.404574990272522 0.404133200645447 0.403726756572723 0.403343975543976 0.402977347373962 0.402624011039734 0.402283668518066 0.401957094669342 0.401644855737686 0.401346355676651 0.401059746742249 0.400782138109207 0.400510460138321 0.40024197101593 0.39997461438179 0.399707019329071 0.399438381195068 0.399168282747269 0.398896604776382 0.398623436689377 0.398348897695541 0.39807316660881 0.397796481847763 0.397519052028656 0.397241115570068 0.396962881088257 0.396684527397156 0.396406263113022 0.396128207445145 0.395850598812103 0.395573496818542
0.409149050712585 0.408836752176285 0.408527046442032 0.408219575881958 0.407914102077484 0.407610893249512 0.407311379909515 0.407019793987274 0.406746447086334 0.406517565250397 0.406416147947311 0.406707793474197 0.406144380569458 0.40529265999794 0.404746651649475 0.404295951128006 0.403883427381516 0.403491377830505 0.403114855289459 0.402754157781601 0.402411729097366 0.402089446783066 0.401786893606186 0.401500821113586 0.401226192712784 0.400958001613617 0.400692164897919 0.400426030158997 0.400158017873764 0.399887472391129 0.399614244699478 0.39933842420578 0.399060279130936 0.398780137300491 0.398498356342316 0.398215264081955 0.397931158542633 0.397646367549896 0.397361129522324 0.397075653076172 0.396790206432343 0.39650496840477 0.396220117807388 0.395935833454132
0.409921497106552 0.409598380327225 0.409278839826584 0.408962279558182 0.408647805452347 0.408334821462631 0.40802401304245 0.407719254493713 0.407431572675705 0.407190591096878 0.407102584838867 0.407892912626266 0.407000690698624 0.405910074710846 0.405326038599014 0.404849916696548 0.404411822557449 0.403992414474487 0.40358754992485 0.403200417757034 0.402837753295898 0.402505099773407 0.402202546596527 0.401923835277557 0.401659458875656 0.401400864124298 0.401142120361328 0.400880068540573 0.400613456964493 0.400342017412186 0.400066167116165 0.39978638291359 0.399503290653229 0.399217486381531 0.398929476737976 0.398639798164368 0.398348808288574 0.398056924343109 0.397764444351196 0.397471636533737 0.397178798913956 0.396886140108109 0.39659383893013 0.396302133798599
0.410704582929611 0.410371243953705 0.410043060779572 0.40971902012825 0.409397333860397 0.409075558185577 0.408752143383026 0.408428817987442 0.408113390207291 0.407822817564011 0.407585501670837 0.407383590936661 0.406960666179657 0.406388372182846 0.40586730837822 0.405388385057449 0.404928475618362 0.404477030038834 0.404033571481705 0.403607040643692 0.403213977813721 0.402869701385498 0.402575999498367 0.402318507432938 0.402077496051788 0.401838034391403 0.401592463254929 0.401338011026382 0.401074588298798 0.400803178548813 0.400525003671646 0.400241285562515 0.399953126907349 0.399661421775818 0.399366974830627 0.399070411920547 0.398772269487381 0.398472994565964 0.398173004388809 0.397872626781464 0.397572129964828 0.397271811962128 0.396971851587296 0.396672487258911
0.411497592926025 0.411154925823212 0.410819888114929 0.410491585731506 0.410167038440704 0.40984046459198 0.409505307674408 0.409159153699875 0.408807575702667 0.408460140228271 0.408119976520538 0.407764673233032 0.407350540161133 0.406883358955383 0.406402587890625 0.405921906232834 0.405437678098679 0.404944330453873 0.404442399740219 0.403947412967682 0.403497517108917 0.403137683868408 0.402875185012817 0.402669847011566 0.402476370334625 0.402270585298538 0.402045637369156 0.401802271604538 0.401543498039246 0.401272475719452 0.400991976261139 0.400704056024551 0.400410503149033 0.4001125395298 0.399811267852783 0.399507462978363 0.399201810359955 0.398894876241684 0.398587048053741 0.398278802633286 0.397970378398895 0.397662132978439 0.397354245185852 0.397047013044357
0.412299364805222 0.411948204040527 0.411608874797821 0.411281734704971 0.410963714122772 0.410643756389618 0.410302668809891 0.40992859005928 0.409531772136688 0.409129619598389 0.408727914094925 0.408317983150482 0.407886564731598 0.407430648803711 0.406955808401108 0.406463891267776 0.405948877334595 0.405399352312088 0.404804617166519 0.404174238443375 0.403587311506271 0.403197377920151 0.403036803007126 0.402959793806076 0.402857333421707 0.402704238891602 0.402507036924362 0.402276873588562 0.402022987604141 0.40175199508667 0.401468485593796 0.401175737380981 0.400876134634018 0.400571376085281 0.400262773036957 0.399951279163361 0.39963772892952 0.399322718381882 0.399006754159927 0.398690283298492 0.398373663425446 0.398057192564011 0.397741138935089 0.39742574095726
0.413108021020889 0.412748724222183 0.412407457828522 0.412089049816132 0.411796510219574 0.411516070365906 0.411191135644913 0.410770922899246 0.410300076007843 0.409833401441574 0.409381479024887 0.408935278654099 0.408483445644379 0.408018320798874 0.407534927129745 0.407025903463364 0.40647691488266 0.405860930681229 0.405130207538605 0.404218375682831 0.403186827898026 0.402688890695572 0.40293961763382 0.403186500072479 0.403238266706467 0.403153240680695 0.402985692024231 0.402767419815063 0.402516573667526 0.402243852615356 0.401955991983414 0.401657313108444 0.401350796222687 0.401038497686386 0.400721907615662 0.400402218103409 0.400080293416977 0.399756789207458 0.399432301521301 0.399107277393341 0.398782104253769 0.398457109928131 0.398132562637329 0.397808730602264
0.413921058177948 0.413552612066269 0.413209408521652 0.412905424833298 0.412667959928513 0.412530422210693 0.412344127893448 0.411763995885849 0.411116421222687 0.410560011863708 0.41006001830101 0.40958434343338 0.40911391377449 0.408636510372162 0.408142030239105 0.407617747783661 0.407041758298874 0.406369864940643 0.405498445034027 0.404126703739166 0.401204705238342 0.399645954370499 0.402521640062332 0.403439074754715 0.403668940067291 0.403641313314438 0.403493255376816 0.403279960155487 0.403027594089508 0.402750164270401 0.4024558365345 0.402149707078934 0.401835083961487 0.401514321565628 0.401189088821411 0.400860548019409 0.400529712438583 0.400197267532349 0.399863839149475 0.399529874324799 0.399195790290833 0.398861944675446 0.398528635501862 0.39819610118866
0.414735794067383 0.414355099201202 0.414004892110825 0.413707852363586 0.413529872894287 0.413753300905228 0.415563702583313 0.41298845410347 0.411930233240128 0.411282181739807 0.410746097564697 0.410249948501587 0.4097660779953 0.409279257059097 0.408777356147766 0.408245831727982 0.407660722732544 0.406974196434021 0.406069397926331 0.404565215110779 0.400266051292419 0.396528393030167 0.40282154083252 0.403954535722733 0.404216051101685 0.404191642999649 0.404039293527603 0.403819024562836 0.403558522462845 0.403272330760956 0.402968943119049 0.402653515338898 0.402329504489899 0.401999294757843 0.401664525270462 0.401326537132263 0.400986194610596 0.400644302368164 0.400301486253738 0.399958193302155 0.399614840745926 0.399271816015244 0.398929387331009 0.398587852716446
0.415550142526627 0.415152668952942 0.41478568315506 0.414470255374908 0.41426494717598 0.414386421442032 0.415139675140381 0.413589477539062 0.412614852190018 0.411969810724258 0.41142737865448 0.410923779010773 0.410433501005173 0.409942328929901 0.409438908100128 0.408910185098648 0.408336639404297 0.407683819532394 0.406884223222733 0.405807286500931 0.404383480548859 0.403744876384735 0.404379606246948 0.404800325632095 0.404894322156906 0.404808849096298 0.404625743627548 0.404385656118393 0.404109984636307 0.403810828924179 0.403495639562607 0.40316903591156 0.402834266424179 0.402493566274643 0.402148485183716 0.401800274848938 0.401449888944626 0.401098072528839 0.400745362043381 0.400392323732376 0.400039345026016 0.399686753749847 0.399334907531738 0.398984044790268
0.416363060474396 0.415944635868073 0.415552318096161 0.415197104215622 0.414898037910461 0.414667695760727 0.414381980895996 0.413824528455734 0.413196265697479 0.412626594305038 0.41210275888443 0.411602854728699 0.411112546920776 0.410621881484985 0.410122215747833 0.409604132175446 0.409055173397064 0.408458411693573 0.407793581485748 0.407057195901871 0.406342297792435 0.405896544456482 0.405779182910919 0.405743956565857 0.405647039413452 0.405474931001663 0.405245780944824 0.404976963996887 0.404680669307709 0.404365092515945 0.404035717248917 0.403696268796921 0.403349459171295 0.402997225522995 0.402640998363495 0.402281939983368 0.401920914649963 0.401558607816696 0.401195585727692 0.40083235502243 0.400469332933426 0.400106877088547 0.399745225906372 0.39938473701477
0.417174220085144 0.416732639074326 0.416312128305435 0.41591539978981 0.415542215108871 0.415177881717682 0.414778470993042 0.414307922124863 0.413795173168182 0.413281410932541 0.412779569625854 0.412287801504135 0.411801069974899 0.411314070224762 0.410821437835693 0.410317480564117 0.409795969724655 0.40925133228302 0.408683359622955 0.408109217882156 0.407579600811005 0.407162129878998 0.406869113445282 0.406640231609344 0.406414479017258 0.406165331602097 0.405888557434082 0.405587822198868 0.40526807308197 0.404933780431747 0.404588490724564 0.404234826564789 0.40387487411499 0.403510242700577 0.403142124414444 0.402771562337875 0.402399301528931 0.402025997638702 0.401652187108994 0.401278376579285 0.400904923677444 0.400532156229019 0.400160402059555 0.399789899587631
0.417983025312424 0.417517900466919 0.417070925235748 0.416641175746918 0.416224002838135 0.415808141231537 0.415376633405685 0.414918661117554 0.414439499378204 0.413951963186264 0.413464486598969 0.412979751825333 0.412497162818909 0.412014901638031 0.411530345678329 0.411040633916855 0.410543233156204 0.410037487745285 0.409527629613876 0.409026831388474 0.408558309078217 0.408144652843475 0.407789319753647 0.407472938299179 0.407169938087463 0.406863033771515 0.40654456615448 0.406212985515594 0.405869275331497 0.405515283346176 0.405153036117554 0.404784202575684 0.404410272836685 0.404032468795776 0.403651803731918 0.403269082307816 0.402885049581528 0.40250027179718 0.402115225791931 0.401730358600616 0.401346057653427 0.400962650775909 0.400580406188965 0.400199592113495
0.418787330389023 0.418298900127411 0.417828589677811 0.417374730110168 0.416932284832001 0.416492879390717 0.416047185659409 0.415589094161987 0.415118843317032 0.414640694856644 0.41415935754776 0.413677990436554 0.413198083639145 0.412719964981079 0.412243038415909 0.411766082048416 0.41128808259964 0.410809427499771 0.41033348441124 0.409867703914642 0.409422606229782 0.409006923437119 0.40862175822258 0.408259630203247 0.407909214496613 0.407560646533966 0.407208025455475 0.406848579645157 0.406481802463531 0.406108111143112 0.405728459358215 0.405343860387802 0.404955297708511 0.404563724994659 0.404169917106628 0.403774529695511 0.403378218412399 0.402981460094452 0.402584731578827 0.402188390493393 0.401792854070663 0.40139839053154 0.401005297899246 0.400613814592361
0.419582575559616 0.419069975614548 0.418578803539276 0.418108135461807 0.417652487754822 0.41720312833786 0.41675129532814 0.416291207075119 0.415821403264999 0.415343791246414 0.414861917495728 0.414379388093948 0.413899332284927 0.413423746824265 0.412953406572342 0.412487894296646 0.412026047706604 0.411567240953445 0.411112606525421 0.410665452480316 0.410230368375778 0.409811049699783 0.409408003091812 0.409018158912659 0.408636212348938 0.408256947994232 0.407876431941986 0.407492458820343 0.407104015350342 0.40671107172966 0.406313985586166 0.405913293361664 0.40550971031189 0.405103862285614 0.404696375131607 0.404287844896317 0.403878748416901 0.403469562530518 0.403060674667358 0.402652472257614 0.402245253324509 0.401839345693588 0.401435047388077 0.401032537221909
