inputs/inputs_scenarios/2022_02_17_nigeria_region/inputs/vector.asc
NCOLS 535 
NROWS 277 
XLLCORNER -3.70833333308955 
YLLCORNER 3.76666666737855 
CELLSIZE 0.0416666666671355 
NODATA_value -3.4e+38 
[rows 160 to 179 of 277, columns 132 to 175 of 535]
0.255454868078232 0.256394743919373 0.257249861955643 0.258014768362045 0.258682608604431 0.259250849485397 0.259723871946335 0.260110139846802 0.260419130325317 0.260660201311111 0.260841995477676 0.260970771312714 0.261046707630157 0.261058837175369 0.260980874300003 0.260769546031952 0.260368853807449 0.259663969278336 0.258549809455872 0.259155631065369 0.260467559099197 0.261372894048691 0.26201406121254 0.262473434209824 0.262795448303223 0.26300436258316 0.26311257481575 0.263125479221344 0.263043761253357 0.262864351272583 0.26257997751236 0.262178272008896 0.261639267206192 0.260930895805359 0.259998440742493 0.258738875389099 0.256922513246536 0.253848373889923 0.244443193078041 0.246712744235992 0.250777989625931 0.250581473112106 0.252407014369965 0.254755258560181
0.25531342625618 0.256252825260162 0.25712451338768 0.25792121887207 0.258613854646683 0.259192287921906 0.259666383266449 0.260052025318146 0.260363161563873 0.260609984397888 0.260798811912537 0.260931372642517 0.261002600193024 0.260995894670486 0.260873436927795 0.260552197694778 0.259893983602524 0.258911371231079 0.252057611942291 0.257485330104828 0.260127395391464 0.261134475469589 0.261767566204071 0.262196451425552 0.262479573488235 0.262645691633224 0.262709587812424 0.262677669525146 0.262550801038742 0.262325465679169 0.261993497610092 0.261541277170181 0.260947167873383 0.260177046060562 0.259174704551697 0.257840007543564 0.255973786115646 0.253148525953293 0.249083817005157 0.249100595712662 0.25075352191925 0.247562438249588 0.25108614563942 0.254476368427277
0.254941642284393 0.255925595760345 0.256880432367325 0.257799983024597 0.258559912443161 0.259153723716736 0.259619802236557 0.259992867708206 0.260294944047928 0.260537773370743 0.260726064443588 0.26085889339447 0.260928601026535 0.260916024446487 0.260776430368423 0.260378301143646 0.258702754974365 0.258505582809448 0.258139342069626 0.258575707674026 0.25990292429924 0.260891109704971 0.26152378320694 0.261925965547562 0.262170851230621 0.262294858694077 0.262315630912781 0.262240588665009 0.262070745229721 0.26180225610733 0.261426448822021 0.260928809642792 0.260286837816238 0.259465903043747 0.258411020040512 0.257030248641968 0.255146414041519 0.25225505232811 0.243928670883179 0.247074469923973 0.250992327928543 0.252001255750656 0.253188401460648 0.254560708999634
0.254420101642609 0.254997938871384 0.256315618753433 0.257682889699936 0.258569151163101 0.259161353111267 0.259592801332474 0.25993350148201 0.260214030742645 0.260445207357407 0.260628819465637 0.260761678218842 0.260835379362106 0.260833114385605 0.260720670223236 0.260423749685287 0.259827971458435 0.259276062250137 0.258234143257141 0.256678730249405 0.259383738040924 0.260665863752365 0.261308878660202 0.261674821376801 0.261875301599503 0.261954367160797 0.261931329965591 0.261813759803772 0.261602520942688 0.261293351650238 0.260877102613449 0.260338813066483 0.259655237197876 0.258790820837021 0.257690191268921 0.256263822317123 0.254355609416962 0.251640021800995 0.247727409005165 0.248255714774132 0.251138001680374 0.252630710601807 0.253674894571304 0.254541516304016
0.254261523485184 0.246587261557579 0.255373775959015 0.257817894220352 0.258763134479523 0.259256690740585 0.259590595960617 0.259868711233139 0.260114878416061 0.260329157114029 0.260506480932236 0.260640501976013 0.260722935199738 0.260741680860519 0.260678023099899 0.260506004095078 0.260203808546066 0.259707540273666 0.258334338665009 0.254691362380981 0.259322106838226 0.260590523481369 0.261154055595398 0.261452615261078 0.261596024036407 0.261624813079834 0.261555969715118 0.261395752429962 0.26114410161972 0.260796248912811 0.260342687368393 0.259768009185791 0.259048312902451 0.258146166801453 0.257000684738159 0.255507707595825 0.253477603197098 0.250507980585098 0.241829574108124 0.24725253880024 0.250981569290161 0.252553939819336 0.253562480211258 0.254298627376556
0.255186468362808 0.255235999822617 0.257011562585831 0.258757799863815 0.259358733892441 0.259470522403717 0.259594798088074 0.259779334068298 0.259984880685806 0.260182112455368 0.260354340076447 0.260491251945496 0.260584801435471 0.260626941919327 0.26060876250267 0.260521173477173 0.260354191064835 0.260080456733704 0.259663581848145 0.259493917226791 0.260088175535202 0.26068776845932 0.261059015989304 0.261257916688919 0.26133131980896 0.261304050683975 0.261187136173248 0.260983824729919 0.260692417621613 0.260307431221008 0.259819090366364 0.259211987257004 0.25846192240715 0.257529646158218 0.25634691119194 0.254779666662216 0.252510130405426 0.248582854866982 0.242724567651749 0.247936114668846 0.250690281391144 0.25220051407814 0.253184944391251 0.253884255886078
0.256076246500015 0.257044523954391 0.259009897708893 0.261953562498093 0.26076951622963 0.259707570075989 0.259527772665024 0.259627252817154 0.259805411100388 0.259993851184845 0.260165423154831 0.260307431221008 0.260412454605103 0.260475307703018 0.260492265224457 0.260462194681168 0.260388284921646 0.260282963514328 0.260193973779678 0.260241806507111 0.260487228631973 0.260783463716507 0.260989040136337 0.261079788208008 0.261074900627136 0.260987371206284 0.260820776224136 0.260574012994766 0.260243207216263 0.25982204079628 0.259300768375397 0.258664548397064 0.257890075445175 0.256938993930817 0.255742311477661 0.254157066345215 0.25179186463356 0.246675625443459 0.237312957644463 0.247651919722557 0.250211775302887 0.251642674207687 0.252624928951263 0.25333434343338
0.256448090076447 0.257517874240875 0.259989440441132 0.285122483968735 0.261628866195679 0.259465873241425 0.25925686955452 0.259370982646942 0.259559690952301 0.259754985570908 0.259932547807693 0.260081946849823 0.260197758674622 0.260276615619659 0.260317116975784 0.260321527719498 0.260299146175385 0.260271221399307 0.260276049375534 0.260367125272751 0.260593146085739 0.260852366685867 0.260940462350845 0.260909378528595 0.260817736387253 0.26066780090332 0.260451436042786 0.260161340236664 0.259791195392609 0.259333908557892 0.258780270814896 0.258116781711578 0.257322549819946 0.25636351108551 0.255180239677429 0.253660917282104 0.25157630443573 0.248518168926239 0.246078282594681 0.247373700141907 0.2493786662817 0.25083401799202 0.251885294914246 0.252660691738129
0.256415873765945 0.257203876972198 0.258258521556854 0.258090257644653 0.256800472736359 0.25845804810524 0.258754640817642 0.259004503488541 0.259243279695511 0.259460151195526 0.259649187326431 0.259807527065277 0.259932905435562 0.260022968053818 0.260075926780701 0.260092824697495 0.260082721710205 0.260068953037262 0.260084062814713 0.26013371348381 0.260425329208374 0.261235892772675 0.260973900556564 0.26073345541954 0.260545969009399 0.260336577892303 0.26007291674614 0.259740322828293 0.259330242872238 0.258835583925247 0.258248120546341 0.257556438446045 0.256743252277374 0.255780786275864 0.25462195277214 0.253184020519257 0.251322031021118 0.24878166615963 0.244049593806267 0.243055015802383 0.247912645339966 0.249677747488022 0.250938415527344 0.251866966485977
0.256158709526062 0.25664609670639 0.256946533918381 0.256506592035294 0.256462693214417 0.257563710212708 0.258168369531631 0.258564889431 0.258864760398865 0.259107083082199 0.259308338165283 0.259475231170654 0.259609073400497 0.259707301855087 0.259764403104782 0.259773731231689 0.259734719991684 0.259673058986664 0.259655863046646 0.259622246026993 0.252086400985718 0.264329522848129 0.26096984744072 0.260493755340576 0.260239064693451 0.259984910488129 0.259679675102234 0.259305447340012 0.258853673934937 0.258318275213242 0.257692635059357 0.256967812776566 0.256130665540695 0.255160540342331 0.25402107834816 0.252642154693604 0.250862449407578 0.248142540454865 0.241778045892715 0.243151620030403 0.245813921093941 0.247948661446571 0.249753445386887 0.250969856977463
0.255814254283905 0.256132155656815 0.256177246570587 0.255684286355972 0.255438089370728 0.256720781326294 0.257583856582642 0.258091509342194 0.258433640003204 0.258690416812897 0.25889778137207 0.259070873260498 0.259213030338287 0.259320199489594 0.259380549192429 0.259369850158691 0.259250819683075 0.259008169174194 0.258833527565002 0.259172648191452 0.260591268539429 0.260880261659622 0.260431557893753 0.260129868984222 0.259886175394058 0.259609490633011 0.259268641471863 0.258851915597916 0.258354157209396 0.257771730422974 0.257099837064743 0.256331592798233 0.255457937717438 0.25446617603302 0.253332644701004 0.252005487680435 0.250357449054718 0.247992664575577 0.24362351000309 0.242610409855843 0.23627969622612 0.245172157883644 0.248413980007172 0.250026196241379
0.255442321300507 0.255690038204193 0.255611717700958 0.254299849271774 0.247655794024467 0.255932569503784 0.257063090801239 0.257606476545334 0.257946372032166 0.258191168308258 0.258391827344894 0.258567780256271 0.258719921112061 0.258842319250107 0.25891986489296 0.258905380964279 0.258678793907166 0.257936984300613 0.256372898817062 0.257661670446396 0.259084343910217 0.2596854865551 0.259805172681808 0.259707421064377 0.259505242109299 0.25921630859375 0.258840143680573 0.258375614881516 0.257823169231415 0.257183283567429 0.256452888250351 0.25562447309494 0.254690676927567 0.253648549318314 0.252492398023605 0.251196503639221 0.249703794717789 0.247937053442001 0.245938062667847 0.243539705872536 0.238211214542389 0.243673011660576 0.247208967804909 0.24911504983902
0.255056858062744 0.255294531583786 0.255307227373123 0.25499016046524 0.254917770624161 0.255900502204895 0.25664946436882 0.25710055232048 0.257371991872787 0.257557570934296 0.257733911275864 0.257913827896118 0.258079797029495 0.258223563432693 0.258351296186447 0.258415102958679 0.258217841386795 0.257133305072784 0.248801782727242 0.256169587373734 0.258397549390793 0.259108126163483 0.259337693452835 0.259312331676483 0.259126454591751 0.258817166090012 0.258397072553635 0.257871776819229 0.257248044013977 0.256534457206726 0.255730509757996 0.254818767309189 0.253782570362091 0.252632588148117 0.25139507651329 0.250063866376877 0.248595222830772 0.246988564729691 0.245321661233902 0.243885219097137 0.242080762982368 0.237885624170303 0.246119603514671 0.248259127140045
0.254645615816116 0.254842549562454 0.254921406507492 0.25499227643013 0.255224674940109 0.255701929330826 0.256197899580002 0.25652539730072 0.256635248661041 0.256640553474426 0.256791114807129 0.257002800703049 0.257192730903625 0.257323920726776 0.257527410984039 0.257869988679886 0.258070826530457 0.25764936208725 0.256102293729782 0.256924390792847 0.258160471916199 0.258779227733612 0.258999675512314 0.258972585201263 0.258770078420639 0.258423686027527 0.257943838834763 0.257333606481552 0.256604552268982 0.255788177251816 0.254901200532913 0.253886461257935 0.252667397260666 0.251278102397919 0.249844834208488 0.24838587641716 0.246642366051674 0.244777590036392 0.242076843976974 0.241211220622063 0.241980493068695 0.245093837380409 0.245346948504448 0.247322961688042
0.254184395074844 0.254162102937698 0.254098355770111 0.254234224557877 0.254479467868805 0.25502148270607 0.255584597587585 0.255862593650818 0.255636721849442 0.254666894674301 0.255247503519058 0.255533009767532 0.255861788988113 0.25571820139885 0.255634069442749 0.257148265838623 0.257832705974579 0.257488012313843 0.245200723409653 0.256580948829651 0.258084446191788 0.25860196352005 0.258758038282394 0.258688449859619 0.258445233106613 0.258046567440033 0.25748935341835 0.256755530834198 0.255837112665176 0.25483101606369 0.253896415233612 0.252827227115631 0.251251310110092 0.249182403087616 0.247276782989502 0.245753288269043 0.242788583040237 0.240041807293892 0.235092908143997 0.233115941286087 0.232574373483658 0.240767434239388 0.240361958742142 0.245985925197601
0.253701120615005 0.252906709909439 0.251828730106354 0.25265297293663 0.251990467309952 0.253652453422546 0.254795253276825 0.255197465419769 0.254806697368622 0.249894142150879 0.253763258457184 0.250905990600586 0.253978461027145 0.254085928201675 0.250790745019913 0.256708264350891 0.257582187652588 0.257381528615952 0.256472319364548 0.257402807474136 0.258207708597183 0.258529812097549 0.258585512638092 0.25845131278038 0.258154660463333 0.257697582244873 0.257056474685669 0.256162136793137 0.254843384027481 0.253079921007156 0.252483129501343 0.25176990032196 0.249781861901283 0.239729627966881 0.240660578012466 0.238179534673691 0.243068888783455 0.242821857333183 0.242741525173187 0.242235094308853 0.241069629788399 0.240130439400673 0.242075964808464 0.246087238192558
0.253473311662674 0.251820027828217 0.241756960749626 0.251675307750702 0.244050621986389 0.25240683555603 0.253746598958969 0.254528701305389 0.254620105028152 0.254045844078064 0.253892987966537 0.253847688436508 0.254843235015869 0.255637943744659 0.256128162145615 0.25717282295227 0.257775515317917 0.257940977811813 0.257961392402649 0.258162021636963 0.258405119180679 0.258509635925293 0.25845393538475 0.258248418569565 0.257896721363068 0.257387787103653 0.25668403506279 0.255676239728928 0.25391486287117 0.242928072810173 0.250742882490158 0.251026749610901 0.249443158507347 0.246704310178757 0.241960614919662 0.24202772974968 0.24466635286808 0.245284482836723 0.245328709483147 0.245214328169823 0.245074272155762 0.245313256978989 0.24617500603199 0.247251808643341
0.253709405660629 0.253361344337463 0.252928972244263 0.25328654050827 0.253129690885544 0.25269615650177 0.246943578124046 0.253797590732574 0.254345655441284 0.253205180168152 0.25112384557724 0.254224956035614 0.255609571933746 0.256439805030823 0.257070451974869 0.257641464471817 0.258056968450546 0.25828355550766 0.258398056030273 0.258480817079544 0.25852558016777 0.258485943078995 0.258335590362549 0.258064538240433 0.257664233446121 0.257118165493011 0.256392061710358 0.255410194396973 0.253996342420578 0.252121150493622 0.251438289880753 0.250710994005203 0.24920243024826 0.24690505862236 0.244109436869621 0.24461655318737 0.245758071541786 0.246280074119568 0.246457025408745 0.246556490659714 0.246722862124443 0.247032269835472 0.247476056218147 0.2479038387537
0.254076361656189 0.25435084104538 0.254494577646255 0.254629075527191 0.254592925310135 0.2540482878685 0.253018081188202 0.25421279668808 0.254272699356079 0.252857029438019 0.249613612890244 0.254296183586121 0.255860358476639 0.256758362054825 0.257412075996399 0.257915109395981 0.258275330066681 0.258491963148117 0.258594006299973 0.258614420890808 0.258563369512558 0.258432269096375 0.258209228515625 0.257883638143539 0.257443815469742 0.256873488426208 0.256148964166641 0.255238592624664 0.254124224185944 0.252896010875702 0.25171771645546 0.250423312187195 0.248746871948242 0.246273085474968 0.233537316322327 0.244395434856415 0.246110200881958 0.246588185429573 0.246724113821983 0.246922999620438 0.24731171131134 0.247717067599297 0.248045831918716 0.24823360145092
0.254415065050125 0.254942119121552 0.255285918712616 0.2555051445961 0.255573779344559 0.255445629358292 0.255220085382462 0.254943162202835 0.254113554954529 0.253128707408905 0.253573358058929 0.254716604948044 0.255791187286377 0.256790041923523 0.25750321149826 0.258043885231018 0.258421033620834 0.25862517952919 0.258692920207977 0.258657693862915 0.258537918329239 0.258339107036591 0.258058845996857 0.257689327001572 0.257218450307846 0.256630539894104 0.255907505750656 0.255032151937485 0.253997594118118 0.252814948558807 0.251476734876633 0.249894976615906 0.247936964035034 0.245609030127525 0.244183152914047 0.245125502347946 0.246112778782845 0.246375977993011 0.245944008231163 0.24609363079071 0.24722757935524 0.247920274734497 0.248273149132729 0.248382091522217
