inputs/inputs_scenarios/2022_02_17_nigeria_region/inputs/vector.asc
NCOLS 535 
NROWS 277 
XLLCORNER -3.70833333308955 
YLLCORNER 3.76666666737855 
CELLSIZE 0.0416666666671355 
NODATA_value -3.4e+38 
[rows 80 to 99 of 277, columns 264 to 307 of 535]
0.399381726980209 0.400782525539398 0.400601595640182 0.398729175329208 0.408567994832993 0.415722459554672 0.425185769796371 0.424023061990738 0.420899152755737 0.42135089635849 0.424173444509506 0.430174469947815 0.445282638072968 0.447040647268295 0.439087212085724 0.441058218479156 0.452852934598923 0.469144880771637 0.454709857702255 0.460027426481247 0.482717007398605 0.63144451379776 0.491908878087997 0.477287620306015 0.48016956448555 0.487132608890533 0.485380262136459 0.487751215696335 0.49239656329155 0.498078644275665 0.505208969116211 0.511489868164062 0.51584929227829 0.519806325435638 0.525129497051239 0.531587779521942 0.537403702735901 0.54185539484024 0.544756412506104 0.54667341709137 0.549515128135681 0.556826770305634 0.570822477340698 0.56703519821167
0.399570941925049 0.401199817657471 0.402481943368912 0.40472823381424 0.40936803817749 0.41798135638237 0.471513658761978 0.431662321090698 0.42143651843071 0.42111548781395 0.423809707164764 0.429995477199554 0.448372513055801 0.449491083621979 0.438691437244415 0.440037786960602 0.448029100894928 0.455194711685181 0.452255666255951 0.456782877445221 0.467727094888687 0.479207575321198 0.475394815206528 0.47170627117157 0.473115295171738 0.47684121131897 0.481601804494858 0.494501203298569 0.500226318836212 0.506722629070282 0.518419623374939 0.526818454265594 0.525839626789093 0.52266138792038 0.522411584854126 0.524731993675232 0.528599917888641 0.533339738845825 0.538568913936615 0.543256282806396 0.547613739967346 0.55375748872757 0.562651455402374 0.570203363895416
0.401218861341476 0.402550578117371 0.403294026851654 0.40518245100975 0.408603847026825 0.414138674736023 0.421482592821121 0.421309798955917 0.419161170721054 0.41968709230423 0.422099351882935 0.426242679357529 0.431653678417206 0.434312433004379 0.434633612632751 0.436639130115509 0.44040510058403 0.444092303514481 0.447024375200272 0.451176404953003 0.456756740808487 0.461651802062988 0.463854014873505 0.465264767408371 0.467871248722076 0.471963614225388 0.477866321802139 0.486955314874649 0.499333888292313 0.526958465576172 0.546944439411163 0.581575214862823 0.550101697444916 0.528242230415344 0.522273659706116 0.520350515842438 0.522861182689667 0.528467118740082 0.538799285888672 0.547926485538483 0.549688816070557 0.571927964687347 0.569359302520752 0.590203702449799
0.412310302257538 0.406126439571381 0.403484910726547 0.404521375894547 0.406927794218063 0.410150587558746 0.413303911685944 0.415103822946548 0.416132271289825 0.417611092329025 0.41986683011055 0.422808021306992 0.425972044467926 0.428593069314957 0.430737257003784 0.433169454336166 0.436114102602005 0.43927276134491 0.44254133105278 0.4461869597435 0.450156301259995 0.453886032104492 0.456999480724335 0.459929078817368 0.463383078575134 0.467845022678375 0.473802387714386 0.482130765914917 0.495210766792297 0.521576642990112 0.556199729442596 0.674299240112305 0.578695476055145 0.527642607688904 0.520447313785553 0.515672922134399 0.517661035060883 0.523693382740021 0.539488077163696 0.561634600162506 0.546904385089874 0.559503853321075 0.571289241313934 0.632927060127258
0.40773594379425 0.404490441083908 0.40240204334259 0.403260290622711 0.405143857002258 0.407470405101776 0.409799754619598 0.411810755729675 0.413601785898209 0.415502160787582 0.417700618505478 0.420181334018707 0.422770887613297 0.42527374625206 0.427697747945786 0.43022158741951 0.432948529720306 0.435855329036713 0.438924521207809 0.442178338766098 0.445560425519943 0.448920458555222 0.452197283506393 0.455563515424728 0.459337323904037 0.463856667280197 0.469506412744522 0.476859301328659 0.48688143491745 0.500599563121796 0.518184006214142 0.531361818313599 0.524811446666718 0.514773190021515 0.510165512561798 0.509503304958344 0.511899471282959 0.517035126686096 0.524900674819946 0.531963646411896 0.536755740642548 0.545191645622253 0.559519112110138 0.587250411510468
0.398004978895187 0.399517446756363 0.400353580713272 0.401673674583435 0.403446853160858 0.405469059944153 0.407551854848862 0.409579038619995 0.411564379930496 0.413604587316513 0.415774911642075 0.418078422546387 0.420459121465683 0.42285829782486 0.425274401903152 0.427757531404495 0.430352598428726 0.43307426571846 0.435925453901291 0.438904404640198 0.441988378763199 0.445144832134247 0.448386281728745 0.451811820268631 0.455591857433319 0.459932208061218 0.465064883232117 0.471254467964172 0.478739470243454 0.487440347671509 0.496292620897293 0.502362132072449 0.503509223461151 0.502294957637787 0.501778960227966 0.502935111522675 0.505856871604919 0.51045835018158 0.51618367433548 0.521767318248749 0.527646005153656 0.535225689411163 0.545313000679016 0.557027816772461
0.394940733909607 0.396803885698318 0.398407518863678 0.400062054395676 0.401874899864197 0.403815478086472 0.405818581581116 0.407838493585587 0.409873217344284 0.411951929330826 0.414101988077164 0.416326880455017 0.418608158826828 0.420925140380859 0.423275113105774 0.425674617290497 0.428145885467529 0.430706143379211 0.433367013931274 0.436134517192841 0.439009428024292 0.44199612736702 0.44512203335762 0.448451310396194 0.452081024646759 0.456125617027283 0.460699409246445 0.46588808298111 0.471678644418716 0.477816492319107 0.48363533616066 0.48815843462944 0.490912228822708 0.492562502622604 0.494199335575104 0.496544778347015 0.499960005283356 0.504858732223511 0.51291412115097 0.515254378318787 0.520097374916077 0.526668667793274 0.534483790397644 0.542817890644073
0.3930803835392 0.394968807697296 0.396768778562546 0.398574084043503 0.40044179558754 0.402377784252167 0.404363721609116 0.406382739543915 0.408432185649872 0.410520970821381 0.412658482789993 0.414845257997513 0.417072027921677 0.419326663017273 0.421603173017502 0.423906356096268 0.426250487565994 0.428654879331589 0.431139171123505 0.433720111846924 0.436411619186401 0.439229816198349 0.44220095872879 0.445366352796555 0.448780179023743 0.452499836683273 0.456570118665695 0.460998088121414 0.465712577104568 0.470515370368958 0.475068598985672 0.479009747505188 0.482206404209137 0.484901070594788 0.487544596195221 0.490550756454468 0.494237095117569 0.49903804063797 0.505841195583344 0.508848249912262 0.51342386007309 0.51942789554596 0.526397466659546 0.534121155738831
0.391633421182632 0.393497407436371 0.395352572202682 0.397227317094803 0.399141848087311 0.401100367307663 0.40309739112854 0.405127108097076 0.407188832759857 0.409286379814148 0.41142350435257 0.413598507642746 0.415801495313644 0.418016284704208 0.420227289199829 0.422429591417313 0.424635976552963 0.426874041557312 0.429176360368729 0.431571424007416 0.434081256389618 0.436724573373795 0.439521610736847 0.442497074604034 0.445678472518921 0.44909006357193 0.452741712331772 0.456613749265671 0.460639327764511 0.464693069458008 0.468607187271118 0.472233772277832 0.47553351521492 0.478617995977402 0.481700569391251 0.485009253025055 0.488734543323517 0.492997616529465 0.497640907764435 0.502258777618408 0.507297277450562 0.513130187988281 0.519840240478516 0.527571618556976
0.390351563692093 0.392188012599945 0.394069194793701 0.395994514226913 0.397958993911743 0.399956583976746 0.401982605457306 0.404035449028015 0.406117111444473 0.408232480287552 0.410386323928833 0.412577927112579 0.414794147014618 0.417005091905594 0.419171243906021 0.421267837285995 0.423309803009033 0.425347954034805 0.427440851926804 0.429632991552353 0.431951552629471 0.434412479400635 0.437027662992477 0.439808309078217 0.442764788866043 0.445902615785599 0.449216157197952 0.452680706977844 0.456246256828308 0.459838062524796 0.463371157646179 0.466781198978424 0.47005894780159 0.473264634609222 0.476510226726532 0.479922920465469 0.483610689640045 0.487630605697632 0.491964757442474 0.496605068445206 0.501694083213806 0.507434189319611 0.514027297496796 0.521783471107483
0.389104574918747 0.390921711921692 0.392844378948212 0.394841521978378 0.396878093481064 0.39893501996994 0.401006996631622 0.403095960617065 0.405208081007004 0.407353430986404 0.40954464673996 0.411790639162064 0.414080709218979 0.4163618683815 0.418534576892853 0.420514851808548 0.422325640916824 0.424085080623627 0.425909727811813 0.427865356206894 0.42997670173645 0.432249188423157 0.434682220220566 0.437274366617203 0.440023630857468 0.442924857139587 0.445965975522995 0.449124395847321 0.452365159988403 0.455643981695175 0.458916664123535 0.462154448032379 0.465358406305313 0.468565136194229 0.471839070320129 0.475255846977234 0.478884637355804 0.482775807380676 0.486964493989944 0.491502970457077 0.496495127677917 0.502095460891724 0.508517444133759 0.516102731227875
0.387761652469635 0.389567136764526 0.391598731279373 0.393739104270935 0.395894736051559 0.398038893938065 0.400175124406815 0.402313649654388 0.404466360807419 0.406651496887207 0.408898770809174 0.411246657371521 0.413717538118362 0.416245579719543 0.418581128120422 0.420418173074722 0.42180985212326 0.42310842871666 0.424558043479919 0.426229208707809 0.428116917610168 0.430199295282364 0.432456314563751 0.434872627258301 0.437436133623123 0.440134882926941 0.442954301834106 0.445875108242035 0.448873072862625 0.451921403408051 0.45499661564827 0.458085924386978 0.461194008588791 0.464345276355743 0.467580437660217 0.470948904752731 0.474500685930252 0.478282481431961 0.482342004776001 0.486741155385971 0.491570889949799 0.49696147441864 0.50310081243515 0.51027911901474
0.386054247617722 0.387830555438995 0.390219151973724 0.392681062221527 0.395029485225677 0.39729055762291 0.399508833885193 0.401711404323578 0.403913766145706 0.40613979101181 0.408444494009018 0.410931140184402 0.413747996091843 0.416975408792496 0.420087605714798 0.421686559915543 0.421998769044876 0.422413378953934 0.42332848906517 0.424670398235321 0.426329433917999 0.428229868412018 0.430324107408524 0.432581782341003 0.434982001781464 0.437508106231689 0.440144509077072 0.442874819040298 0.445681750774384 0.448548585176468 0.451462477445602 0.454418241977692 0.457421511411667 0.460489988327026 0.463651686906815 0.466941744089127 0.470398843288422 0.474064230918884 0.477984398603439 0.48221755027771 0.486841320991516 0.491961359977722 0.497723430395126 0.504333019256592
0.383038550615311 0.384455174207687 0.388615071773529 0.391751736402512 0.394350647926331 0.396736592054367 0.399049073457718 0.40133735537529 0.403603732585907 0.405858546495438 0.408178150653839 0.410760462284088 0.414032489061356 0.418936312198639 0.426315903663635 0.426964402198792 0.423064351081848 0.421819746494293 0.422089099884033 0.423111021518707 0.424566745758057 0.426309168338776 0.428262203931808 0.430382251739502 0.432641744613647 0.435021042823792 0.437504351139069 0.440077543258667 0.442727774381638 0.445444166660309 0.448219507932663 0.451052218675613 0.453947991132736 0.456920355558395 0.459989964962006 0.463183254003525 0.466530948877335 0.470067948102951 0.473834902048111 0.477881401777267 0.482270121574402 0.487081319093704 0.492417395114899 0.498406201601028
0.378617018461227 0.37678462266922 0.387517482042313 0.391235113143921 0.393992125988007 0.396443009376526 0.398853331804276 0.401280850172043 0.403658777475357 0.405924260616302 0.408147841691971 0.410601317882538 0.413955926895142 0.420437872409821 0.451241880655289 0.441032141447067 0.423483312129974 0.420773178339005 0.420639216899872 0.421465635299683 0.422785222530365 0.424410700798035 0.426251441240311 0.428257465362549 0.430398285388947 0.432653278112411 0.435007154941559 0.437447756528854 0.439965218305588 0.442552119493484 0.4452044069767 0.447922199964523 0.45071080327034 0.453580856323242 0.45654833316803 0.459633618593216 0.462861210107803 0.466259688138962 0.469862461090088 0.473709225654602 0.477847874164581 0.482335835695267 0.487240195274353 0.492634385824203
0.382241725921631 0.384089201688766 0.388012856245041 0.391531318426132 0.394188076257706 0.396464467048645 0.398974537849426 0.401704698801041 0.404366731643677 0.406645596027374 0.408596307039261 0.410525888204575 0.412986040115356 0.417379170656204 0.425087928771973 0.425218731164932 0.420403093099594 0.418809294700623 0.418855309486389 0.419687032699585 0.42096072435379 0.422518759965897 0.424279302358627 0.426195502281189 0.428238302469254 0.430388331413269 0.432631760835648 0.43495836853981 0.437360465526581 0.439832925796509 0.44237345457077 0.444982975721359 0.447666198015213 0.450431734323502 0.453291982412338 0.456262946128845 0.459363907575607 0.462617516517639 0.466050028800964 0.469691783189774 0.473577618598938 0.477746665477753 0.482240706682205 0.487099885940552
0.383199214935303 0.385447680950165 0.388808757066727 0.394095897674561 0.395644128322601 0.396694362163544 0.399388581514359 0.402907967567444 0.406499922275543 0.408829212188721 0.41018408536911 0.411682337522507 0.411648899316788 0.413453996181488 0.415765970945358 0.416703194379807 0.416389942169189 0.41631144285202 0.416821777820587 0.417796671390533 0.419097542762756 0.420631766319275 0.422341406345367 0.42418971657753 0.426152676343918 0.428214013576508 0.430362224578857 0.432589113712311 0.434888929128647 0.437258154153824 0.439695566892624 0.442202538251877 0.444783091545105 0.44744411110878 0.450195342302322 0.453049212694168 0.456020653247833 0.459127068519592 0.462388277053833 0.465826481580734 0.46946594119072 0.473332136869431 0.477449804544449 0.481839627027512
0.383004903793335 0.385322362184525 0.388606429100037 0.395747363567352 0.395899027585983 0.396482348442078 0.399834424257278 0.405279070138931 0.412811189889908 0.415363699197769 0.412488698959351 0.411916494369507 0.410008549690247 0.410484224557877 0.411571443080902 0.412500709295273 0.413152694702148 0.413822442293167 0.414713442325592 0.415857762098312 0.417220681905746 0.418759644031525 0.420440465211868 0.42223846912384 0.424136370420456 0.426122069358826 0.428186982870102 0.430325150489807 0.432532578706741 0.434807151556015 0.43714839220047 0.439557790756226 0.442038774490356 0.444596856832504 0.447239547967911 0.449976295232773 0.452818393707275 0.455778777599335 0.458871841430664 0.462113082408905 0.465518653392792 0.469104140996933 0.472883135080338 0.476864844560623
0.382330685853958 0.384524583816528 0.387183487415314 0.390230178833008 0.392751961946487 0.395405530929565 0.399618566036224 0.407652467489243 0.434494584798813 0.4425910115242 0.414275020360947 0.409150451421738 0.407832741737366 0.407950431108475 0.408680886030197 0.409580051898956 0.410508304834366 0.411506950855255 0.412640005350113 0.413927853107452 0.415360271930695 0.416918277740479 0.418584287166595 0.420344352722168 0.422188013792038 0.424107760190964 0.426098197698593 0.428155809640884 0.430278331041336 0.432464808225632 0.434715420007706 0.437031745910645 0.439416617155075 0.441874295473099 0.444410473108292 0.447032153606415 0.449747532606125 0.452565878629684 0.455497115850449 0.458551526069641 0.461739093065262 0.46506854891777 0.468546152114868 0.472174167633057
0.381411999464035 0.383446455001831 0.385718017816544 0.388176053762436 0.390764087438583 0.393775701522827 0.397966116666794 0.405100256204605 0.420521050691605 0.424206584692001 0.410893023014069 0.406374722719193 0.405282557010651 0.405497908592224 0.406209200620651 0.407120913267136 0.408158034086227 0.409328609704971 0.410630166530609 0.412040591239929 0.413542032241821 0.415125012397766 0.416783601045609 0.418513029813766 0.420309275388718 0.422169297933578 0.424091160297394 0.426073759794235 0.428116619586945 0.430219918489456 0.432384461164474 0.434611707925797 0.436904013156891 0.439264565706253 0.44169744849205 0.444207638502121 0.446800798177719 0.449483156204224 0.452261090278625 0.455140918493271 0.458128094673157 0.461226552724838 0.464437812566757 0.467759877443314
