inputs/inputs_scenarios/2022_02_17_nigeria_region/inputs/vector.asc
NCOLS 535 
NROWS 277 
XLLCORNER -3.70833333308955 
YLLCORNER 3.76666666737855 
CELLSIZE 0.0416666666671355 
NODATA_value -3.4e+38 
[rows 60 to 79 of 277, columns 352 to 395 of 535]
0.420360565185547 0.419819533824921 0.419307768344879 0.418827265501022 0.418370306491852 0.417922973632812 0.417472571134567 0.417011767625809 0.416538774967194 0.416055768728256 0.415567100048065 0.415077984333038 0.414593577384949 0.414118081331253 0.413653701543808 0.413199961185455 0.412754058837891 0.412312865257263 0.411874562501907 0.411439508199692 0.41100949048996 0.410586357116699 0.41017073392868 0.40976157784462 0.409356653690338 0.408953368663788 0.408549547195435 0.408143728971481 0.407735139131546 0.40732353925705 0.406909108161926 0.406492173671722 0.406073212623596 0.405652701854706 0.40523111820221 0.404808938503265 0.404386639595032 0.403964549303055 0.403543084859848 0.403122574090958 0.402703315019608 0.402285575866699 0.401869624853134 0.401455730199814
0.421107888221741 0.420525014400482 0.419987440109253 0.41950711607933 0.419068813323975 0.418641775846481 0.418203353881836 0.417744547128677 0.417265385389328 0.41677063703537 0.416267395019531 0.415763884782791 0.415268629789352 0.414789587259293 0.414331614971161 0.413893580436707 0.413468509912491 0.413048028945923 0.412626534700394 0.41220223903656 0.411775916814804 0.411349236965179 0.410923510789871 0.410499155521393 0.410075724124908 0.409652382135391 0.409228205680847 0.408802509307861 0.40837487578392 0.407945185899734 0.407513588666916 0.407080292701721 0.406645685434341 0.406210154294968 0.405774056911469 0.40533784031868 0.40490186214447 0.404466480016708 0.404031991958618 0.403598725795746 0.403166979551315 0.402737021446228 0.402309089899063 0.4018834233284
0.421803832054138 0.421140730381012 0.420551627874374 0.420094728469849 0.419724643230438 0.419353574514389 0.41894268989563 0.418488055467606 0.417997241020203 0.417480975389481 0.416951239109039 0.416420698165894 0.415903061628342 0.415413379669189 0.41496405005455 0.41455340385437 0.41416347026825 0.413774251937866 0.413374811410904 0.412962853908539 0.412540316581726 0.412110269069672 0.411675423383713 0.41123765707016 0.410797923803329 0.410356640815735 0.409913837909698 0.409469455480576 0.409023523330688 0.408576101064682 0.40812736749649 0.407677620649338 0.407227098941803 0.406776189804077 0.406325221061707 0.405874520540237 0.405424445867538 0.404975295066833 0.404527366161346 0.404080927371979 0.403636276721954 0.403193682432175 0.402753353118896 0.402315527200699
0.422424286603928 0.421570748090744 0.420790284872055 0.420449644327164 0.420312374830246 0.420065730810165 0.419699013233185 0.419245153665543 0.41873025894165 0.418175309896469 0.417599231004715 0.417020261287689 0.416457116603851 0.415937155485153 0.415500223636627 0.415149748325348 0.414830774068832 0.414494812488556 0.414126962423325 0.413730084896088 0.413311332464218 0.412877351045609 0.412433207035065 0.411982357501984 0.411527037620544 0.411068648099899 0.410607933998108 0.410145461559296 0.409681558609009 0.409216493368149 0.408750623464584 0.408284157514572 0.407817482948303 0.407350867986679 0.406884610652924 0.406419008970261 0.405954390764236 0.405491054058075 0.405029207468033 0.404569178819656 0.404111206531525 0.403655529022217 0.403202384710312 0.402752012014389
0.422966629266739 0.421698063611984 0.419390022754669 0.420179605484009 0.42087584733963 0.420819997787476 0.420493483543396 0.420021295547485 0.419455677270889 0.418830364942551 0.418173640966415 0.417509943246841 0.416856467723846 0.416232496500015 0.415798723697662 0.415621846914291 0.415466278791428 0.415220826864243 0.414894759654999 0.414513736963272 0.414097040891647 0.413657188415527 0.413202255964279 0.412737488746643 0.412266194820404 0.411790579557419 0.41131204366684 0.410831481218338 0.410349577665329 0.409866809844971 0.409383535385132 0.408900141716003 0.408416926860809 0.407934188842773 0.40745222568512 0.406971335411072 0.406491756439209 0.406013756990433 0.405537575483322 0.405063509941101 0.404591768980026 0.404122561216354 0.403656184673309 0.403192818164825
0.423440486192703 0.421834468841553 0.419016927480698 0.420684725046158 0.421686708927155 0.421693831682205 0.421354621648788 0.420817196369171 0.420146465301514 0.419384866952896 0.418585121631622 0.417761147022247 0.41698157787323 0.415914595127106 0.415233433246613 0.415878534317017 0.41610324382782 0.415981948375702 0.415696352720261 0.415325194597244 0.414905220270157 0.414455503225327 0.413987040519714 0.413506478071213 0.413018047809601 0.412524461746216 0.412027537822723 0.411528527736664 0.411028295755386 0.410527437925339 0.410026431083679 0.409525722265244 0.409025579690933 0.408526331186295 0.408028244972229 0.407531559467316 0.407036542892456 0.406543433666229 0.406052470207214 0.40556389093399 0.405077904462814 0.404594749212265 0.404114663600922 0.403637856245041
0.423781991004944 0.419700622558594 0.421385318040848 0.422498941421509 0.422841250896454 0.422733187675476 0.42230623960495 0.421605110168457 0.420718669891357 0.419569313526154 0.41861167550087 0.417098879814148 0.416693270206451 0.414833724498749 0.408591330051422 0.41624727845192 0.416881233453751 0.416828483343124 0.416552931070328 0.416175305843353 0.415742486715317 0.415276974439621 0.414791077375412 0.414292097091675 0.413784682750702 0.413271844387054 0.412755638360977 0.412237465381622 0.411718279123306 0.411198854446411 0.410679668188095 0.410161137580872 0.409643620252609 0.40912738442421 0.408612698316574 0.40809977054596 0.407588869333267 0.407080173492432 0.406573921442032 0.406070321798325 0.405569612979889 0.405072033405304 0.404577761888504 0.404087066650391
0.424975365400314 0.420940607786179 0.423001259565353 0.424046069383621 0.424162536859512 0.423941135406494 0.423398852348328 0.422231405973434 0.420726507902145 0.418819814920425 0.418858200311661 0.41277602314949 0.416744947433472 0.417373180389404 0.416900485754013 0.417693495750427 0.417935580015182 0.417793810367584 0.417476892471313 0.417070329189301 0.416612923145294 0.416124612092972 0.415616750717163 0.415096282958984 0.414567679166794 0.414034008979797 0.413497298955917 0.412959009408951 0.412420153617859 0.411881476640701 0.411343514919281 0.410806655883789 0.410271227359772 0.409737527370453 0.409205734729767 0.40867605805397 0.408148765563965 0.40762397646904 0.407101929187775 0.406582832336426 0.406066924333572 0.405554383993149 0.405045449733734 0.404540359973907
0.426997780799866 0.4260094165802 0.425720512866974 0.42572221159935 0.42559477686882 0.425322532653809 0.424837410449982 0.423321813344955 0.414184391498566 0.422982603311539 0.422012209892273 0.420545548200607 0.419988363981247 0.419793605804443 0.419498205184937 0.419343084096909 0.419157534837723 0.41885644197464 0.418463349342346 0.41800981760025 0.417517423629761 0.416999727487564 0.41646546125412 0.415920287370682 0.41536819934845 0.414811909198761 0.414253324270248 0.413693815469742 0.41313436627388 0.4125756919384 0.412018269300461 0.411462485790253 0.410908609628677 0.410356879234314 0.409807443618774 0.409260541200638 0.408716320991516 0.408174932003021 0.40763658285141 0.407101452350616 0.40656977891922 0.406041741371155 0.405517607927322 0.40499758720398
0.428727775812149 0.428088635206223 0.427639275789261 0.427333146333694 0.427065551280975 0.426814436912537 0.426655381917953 0.427020311355591 0.431057691574097 0.429407268762589 0.425110191106796 0.423345863819122 0.422367960214615 0.421738624572754 0.42124131321907 0.420816957950592 0.420408487319946 0.419972091913223 0.419497013092041 0.418988347053528 0.418454319238663 0.417902231216431 0.417337685823441 0.416764885187149 0.416186928749084 0.415606141090393 0.415024191141129 0.414442300796509 0.413861274719238 0.41328176856041 0.412704199552536 0.412128835916519 0.411555916070938 0.410985589027405 0.410418033599854 0.409853339195251 0.409291654825211 0.408733129501343 0.40817791223526 0.407626181840897 0.407078176736832 0.406534075737 0.405994147062302 0.40545865893364
0.430246114730835 0.429696977138519 0.429224967956543 0.428831666707993 0.428503423929214 0.428266048431396 0.428270399570465 0.429159224033356 0.434289753437042 0.431900411844254 0.427059829235077 0.425236195325851 0.424166321754456 0.42339238524437 0.422756403684616 0.422189384698868 0.421650737524033 0.42111349105835 0.420564353466034 0.419999837875366 0.419421166181564 0.418831318616867 0.418233394622803 0.417630255222321 0.417024224996567 0.416417121887207 0.415810286998749 0.415204733610153 0.414601117372513 0.413999944925308 0.413401454687119 0.412805885076523 0.412213325500488 0.411623865365982 0.411037594079971 0.410454541444778 0.409874856472015 0.409298628568649 0.408725947141647 0.408157050609589 0.407592087984085 0.407031327486038 0.406474977731705 0.405923366546631
0.431676179170609 0.431159257888794 0.430681139230728 0.430252820253372 0.429883569478989 0.429603457450867 0.429495126008987 0.429714143276215 0.430146604776382 0.429461568593979 0.427923679351807 0.426664054393768 0.425693780183792 0.424886912107468 0.424173206090927 0.423514872789383 0.422887176275253 0.422272235155106 0.421658575534821 0.4210404753685 0.420416206121445 0.419786334037781 0.419152498245239 0.418516546487808 0.417880237102509 0.41724494099617 0.416611731052399 0.415981262922287 0.415354043245316 0.414730310440063 0.414110213518143 0.413493752479553 0.412880957126617 0.412271797657013 0.41166627407074 0.411064356565475 0.410466074943542 0.40987154841423 0.409280836582184 0.408694088459015 0.408111542463303 0.407533407211304 0.406959980726242 0.406391531229019
0.433078080415726 0.432572066783905 0.432086914777756 0.43163400888443 0.431224435567856 0.430875062942505 0.43060839176178 0.430420249700546 0.430181503295898 0.429653942584991 0.428855299949646 0.427990704774857 0.427142530679703 0.426327764987946 0.42555645108223 0.42482715845108 0.424129217863083 0.4234499335289 0.422778874635696 0.422109544277191 0.421439111232758 0.420767277479172 0.42009499669075 0.419423788785934 0.41875496506691 0.418089628219604 0.417428463697433 0.41677188873291 0.416120052337646 0.415472954511642 0.414830505847931 0.414192587137222 0.41355898976326 0.412929594516754 0.412304252386093 0.41168287396431 0.411065459251404 0.410452008247375 0.409842610359192 0.409237384796143 0.408636510372162 0.408040285110474 0.407448977231979 0.40686297416687
0.434483557939529 0.433977842330933 0.433482348918915 0.433006525039673 0.432558923959732 0.43214762210846 0.431776255369186 0.431430548429489 0.431065112352371 0.430630147457123 0.430115789175034 0.429485499858856 0.428682416677475 0.427803039550781 0.426951378583908 0.426150023937225 0.425388962030411 0.42465278506279 0.42392885684967 0.423209488391876 0.422491580247879 0.421775072813034 0.421061336994171 0.420351982116699 0.419648230075836 0.418950885534286 0.418260276317596 0.417576372623444 0.416898995637894 0.4162278175354 0.41556242108345 0.414902448654175 0.414247512817383 0.413597345352173 0.412951678037643 0.41231033205986 0.411673188209534 0.411040216684341 0.410411417484283 0.409786969423294 0.409167051315308 0.408551901578903 0.407941877841949 0.40733739733696
0.435912221670151 0.435401082038879 0.434892684221268 0.434394627809525 0.433913707733154 0.4334557056427 0.433024168014526 0.432619512081146 0.432245254516602 0.431933045387268 0.431765347719193 0.431547820568085 0.430523246526718 0.42937383055687 0.428381860256195 0.427497714757919 0.426677495241165 0.425890386104584 0.425116539001465 0.42434623837471 0.423577338457108 0.422811716794968 0.422052204608917 0.421301066875458 0.420559614896774 0.419828206300735 0.419106632471085 0.418394356966019 0.417690634727478 0.416994720697403 0.416305869817734 0.415623366832733 0.414946705102921 0.414275318384171 0.413608819246292 0.412946939468384 0.412289470434189 0.41163632273674 0.410987466573715 0.410342991352081 0.409703135490417 0.409068167209625 0.408438503742218 0.407814562320709
0.437378823757172 0.436859130859375 0.43633633852005 0.435816645622253 0.435306191444397 0.434811323881149 0.434339970350266 0.433905482292175 0.433540344238281 0.433343172073364 0.433746546506882 0.440412074327469 0.432789832353592 0.431013941764832 0.429840266704559 0.428874790668488 0.42800697684288 0.427178204059601 0.426356434822083 0.425530463457108 0.424702674150467 0.423879951238632 0.423068165779114 0.422270596027374 0.42148819565773 0.420720607042313 0.419966727495193 0.419225186109543 0.418494552373886 0.417773455381393 0.417060792446136 0.416355460882187 0.41565665602684 0.414963662624359 0.414275914430618 0.413593024015427 0.412914633750916 0.412240624427795 0.411570936441422 0.410905599594116 0.410244882106781 0.40958908200264 0.408938616514206 0.408294081687927
0.438896149396896 0.438366711139679 0.437828749418259 0.437287479639053 0.436748683452606 0.436219841241837 0.435712099075317 0.435245275497437 0.434860795736313 0.434658229351044 0.434909254312515 0.435824006795883 0.434711933135986 0.432623863220215 0.43129688501358 0.430282443761826 0.42939817905426 0.428546249866486 0.42767608165741 0.42678040266037 0.425876498222351 0.424982637166977 0.424109041690826 0.423259049654007 0.422432273626328 0.421626567840576 0.420839369297028 0.420068025588989 0.41931015253067 0.41856375336647 0.417827099561691 0.417098760604858 0.416377604007721 0.415662676095963 0.414953321218491 0.414248883724213 0.413549035787582 0.412853479385376 0.412162125110626 0.411475032567978 0.410792410373688 0.410114616155624 0.409442126750946 0.408775597810745
0.440477222204208 0.439938217401505 0.439384996891022 0.43882155418396 0.438253343105316 0.437688261270523 0.437138766050339 0.436625570058823 0.436186403036118 0.435894817113876 0.435902565717697 0.43663701415062 0.436693757772446 0.434139907360077 0.432717740535736 0.431730329990387 0.43089884519577 0.430062979459763 0.429132223129272 0.428125947713852 0.427109062671661 0.426120579242706 0.425172209739685 0.424263209104538 0.423388868570328 0.42254376411438 0.421722829341888 0.420921683311462 0.420136779546738 0.419365227222443 0.418604701757431 0.417853355407715 0.417109727859497 0.416372716426849 0.415641397237778 0.414915025234222 0.414193123579025 0.413475334644318 0.412761479616165 0.412051618099213 0.411345928907394 0.410644769668579 0.409948766231537 0.40925869345665
0.442136406898499 0.441589802503586 0.441021919250488 0.440435320138931 0.439834862947464 0.439228445291519 0.438628375530243 0.438053667545319 0.43753507733345 0.43712767958641 0.436962336301804 0.437716573476791 0.440035879611969 0.435376435518265 0.434064269065857 0.43324676156044 0.43262442946434 0.431917637586594 0.430854260921478 0.429609447717667 0.428404867649078 0.4272880256176 0.426250666379929 0.425277084112167 0.42435348033905 0.423468917608261 0.422614872455597 0.421784818172455 0.420973628759384 0.420177519321442 0.419393539428711 0.418619424104691 0.417853444814682 0.417094230651855 0.416340708732605 0.415592014789581 0.414847522974014 0.414106756448746 0.413369536399841 0.412635803222656 0.411905705928802 0.411179721355438 0.410458475351334 0.409742921590805
0.443891286849976 0.443341076374054 0.442760139703751 0.442149311304092 0.441512674093246 0.440858006477356 0.440197288990021 0.439547479152679 0.438932329416275 0.438386380672455 0.437965244054794 0.437728554010391 0.437255710363388 0.43618968129158 0.435340136289597 0.434861660003662 0.43482631444931 0.43493664264679 0.433148264884949 0.431248486042023 0.42974317073822 0.428466022014618 0.427330940961838 0.4262914955616 0.425319850444794 0.424397855997086 0.423512905836105 0.422655820846558 0.421819925308228 0.421000361442566 0.420193672180176 0.419397264719009 0.418609142303467 0.417827785015106 0.417051911354065 0.416280567646027 0.415512979030609 0.414748549461365 0.41398698091507 0.413228154182434 0.41247221827507 0.411719650030136 0.410971134901047 0.41022777557373
